eggplant 0.003 0 0 56 78
eggplant 0.005 10 0 93 68
cucumber 0.003 22 0 139 69
eggplant 0.003 66 0 166 78
eggplant 0.004 71 0 227 82
mushroom 0.003 125 0 227 61
mushroom 0.003 138 0 227 85
cucumber 0.004 0 0 78 106
mushroom 0.003 0 0 119 107
eggplant 0.004 25 0 134 121
mushroom 0.004 61 2 164 98
mushroom 0.004 94 0 198 107
eggplant 0.003 118 2 227 89
mushroom 0.003 149 17 227 79
eggplant 0.004 0 42 74 121
cucumber 0.003 0 16 101 146
eggplant 0.003 22 28 127 145
eggplant 0.016 21 41 195 149
eggplant 0.014 63 23 201 167
mushroom 0.003 112 42 227 123
eggplant 0.003 164 21 227 137
cucumber 0.004 0 66 52 167
eggplant 0.006 25 22 85 227
eggplant 0.004 30 44 107 170
cucumber 0.992 26 77 215 127
cucumber 0.005 62 5 216 189
mushroom 0.006 146 62 196 191
cucumber 0.003 153 76 227 159
eggplant 0.004 0 85 64 203
eggplant 0.003 0 95 107 202
mushroom 0.001 0 55 205 208
mushroom 0.000 54 67 193 197
mushroom 0.010 94 68 170 196
cucumber 0.002 118 83 227 208
eggplant 0.003 158 80 227 207
cucumber 0.004 0 129 95 227
cucumber 0.002 1 107 102 227
eggplant 0.002 12 119 149 227
mushroom 0.005 41 129 188 218
mushroom 0.004 100 116 187 225
cucumber 0.003 138 129 217 227
cucumber 0.004 145 111 227 227
cucumber 0.004 0 131 65 227
mushroom 0.003 0 149 98 227
eggplant 0.003 22 155 135 227
eggplant 0.003 66 150 167 227
mushroom 0.003 89 140 204 227
eggplant 0.002 137 147 223 227
cucumber 0.003 144 153 227 227