eggplant 0.004 0 0 63 91
eggplant 0.005 0 0 99 70
mushroom 0.004 32 0 128 73
eggplant 0.004 72 0 157 81
eggplant 0.003 73 0 208 82
cucumber 0.004 132 0 223 62
mushroom 0.003 135 0 227 73
cucumber 0.004 0 0 69 102
mushroom 0.004 0 0 107 101
eggplant 0.004 9 0 144 96
eggplant 0.002 68 0 160 105
cucumber 0.004 97 0 202 112
eggplant 0.003 131 5 227 98
mushroom 0.003 159 0 227 107
eggplant 0.003 0 29 64 124
cucumber 0.003 0 24 101 138
eggplant 0.003 27 25 132 139
cucumber 0.825 31 22 206 169
eggplant 0.025 57 37 207 154
mushroom 0.003 130 11 227 141
cucumber 0.003 148 22 227 138
cucumber 0.004 0 67 56 166
eggplant 0.006 26 42 88 190
mushroom 0.075 25 43 121 166
cucumber 0.057 19 29 202 211
mushroom 0.139 77 36 227 185
mushroom 0.014 167 60 186 193
eggplant 0.003 152 57 227 175
eggplant 0.006 0 94 70 192
eggplant 0.003 4 109 87 184
mushroom 0.015 0 64 203 199
mushroom 0.004 14 46 195 216
mushroom 0.048 90 55 176 213
cucumber 0.003 122 87 227 205
eggplant 0.006 149 86 227 203
cucumber 0.004 0 112 86 227
eggplant 0.005 0 120 114 227
cucumber 0.004 41 118 121 227
mushroom 0.003 42 120 191 227
cucumber 0.004 91 115 202 227
mushroom 0.003 118 112 227 227
cucumber 0.004 160 131 227 227
mushroom 0.005 0 144 69 227
mushroom 0.004 0 143 121 227
cucumber 0.003 22 163 146 227
eggplant 0.004 55 141 181 227
eggplant 0.004 67 168 220 227
eggplant 0.003 118 156 227 227
cucumber 0.004 151 156 227 227