eggplant 0.004 0 0 83 89
cucumber 0.006 8 0 93 69
cucumber 0.003 20 0 141 72
eggplant 0.005 67 0 166 79
eggplant 0.006 76 0 222 85
mushroom 0.004 127 0 227 65
cucumber 0.004 141 0 227 81
cucumber 0.005 0 0 56 94
mushroom 0.004 0 0 113 107
eggplant 0.005 23 0 137 122
mushroom 0.006 59 0 163 104
mushroom 0.006 92 0 200 106
eggplant 0.004 122 1 227 92
mushroom 0.004 148 8 227 87
eggplant 0.004 0 36 72 128
cucumber 0.003 0 12 99 149
eggplant 0.004 25 26 129 143
eggplant 0.008 23 39 192 151
eggplant 0.025 67 26 199 164
mushroom 0.005 115 40 227 122
eggplant 0.004 159 26 227 134
cucumber 0.006 0 58 54 171
eggplant 0.008 27 23 83 227
eggplant 0.009 25 44 112 171
cucumber 0.988 25 68 217 151
cucumber 0.011 63 4 215 189
mushroom 0.007 153 46 197 207
cucumber 0.003 152 74 227 162
eggplant 0.004 0 89 68 199
eggplant 0.004 0 93 106 204
mushroom 0.002 0 52 204 212
cucumber 0.001 39 74 196 189
mushroom 0.011 91 72 173 193
cucumber 0.003 118 84 227 210
eggplant 0.004 160 81 227 206
cucumber 0.005 0 125 90 227
cucumber 0.003 0 117 111 227
eggplant 0.003 14 124 148 227
mushroom 0.006 41 129 186 219
cucumber 0.005 100 117 187 225
cucumber 0.004 136 127 217 227
cucumber 0.005 148 112 227 227
cucumber 0.005 0 133 69 227
mushroom 0.004 0 150 97 227
eggplant 0.004 24 156 133 227
cucumber 0.004 64 155 168 227
eggplant 0.003 88 143 200 227
eggplant 0.003 113 170 227 227
cucumber 0.004 156 149 227 227