cucumber 0.003 0 0 80 88
cucumber 0.005 3 0 97 70
mushroom 0.002 23 0 135 75
eggplant 0.003 70 0 162 78
eggplant 0.004 83 0 215 86
cucumber 0.003 128 0 226 71
cucumber 0.003 153 0 227 65
cucumber 0.004 0 0 63 96
mushroom 0.003 0 0 105 101
eggplant 0.003 10 0 153 113
mushroom 0.003 62 0 158 110
mushroom 0.005 100 0 195 106
cucumber 0.003 125 4 225 92
eggplant 0.003 145 1 227 93
eggplant 0.003 0 24 71 133
cucumber 0.002 0 16 109 140
eggplant 0.003 24 29 133 137
eggplant 0.003 26 29 218 157
eggplant 0.042 71 33 194 158
mushroom 0.004 113 36 227 121
eggplant 0.003 162 30 227 131
cucumber 0.004 0 51 55 178
eggplant 0.006 27 48 90 189
eggplant 0.008 21 46 116 165
cucumber 0.947 15 37 216 211
cucumber 0.156 50 55 227 197
mushroom 0.006 154 45 193 209
eggplant 0.003 151 73 227 160
eggplant 0.003 0 95 72 189
eggplant 0.003 0 97 102 199
mushroom 0.002 0 54 204 211
cucumber 0.007 23 59 191 201
mushroom 0.009 89 70 176 196
cucumber 0.002 116 87 227 209
eggplant 0.003 142 79 227 214
cucumber 0.004 0 123 89 227
cucumber 0.002 0 116 112 227
cucumber 0.002 46 114 116 227
mushroom 0.003 39 128 189 220
cucumber 0.004 103 120 187 225
cucumber 0.003 137 101 219 227
cucumber 0.003 152 111 227 227
cucumber 0.003 0 135 70 227
mushroom 0.003 0 149 102 227
cucumber 0.003 34 159 129 227
mushroom 0.003 62 153 171 227
eggplant 0.003 88 140 195 227
eggplant 0.002 116 165 227 227
cucumber 0.004 161 148 227 227