eggplant 0.009 0 0 73 82
cucumber 0.010 0 0 100 64
mushroom 0.007 27 0 131 74
eggplant 0.010 68 0 159 77
eggplant 0.009 81 0 212 79
cucumber 0.010 126 0 227 65
mushroom 0.008 144 0 227 69
cucumber 0.009 0 0 80 102
mushroom 0.008 0 0 109 106
eggplant 0.011 34 0 123 118
mushroom 0.009 57 0 167 99
mushroom 0.010 86 0 208 105
eggplant 0.007 124 0 227 98
eggplant 0.009 148 3 227 94
eggplant 0.012 0 25 70 132
cucumber 0.007 0 16 109 146
eggplant 0.009 21 29 137 137
cucumber 0.059 33 40 202 144
eggplant 0.033 103 19 194 139
mushroom 0.009 125 15 227 141
mushroom 0.009 162 22 227 139
cucumber 0.010 0 62 58 170
eggplant 0.013 23 27 87 220
mushroom 0.004 32 41 127 165
cucumber 0.910 28 49 210 182
cucumber 0.076 96 76 220 164
mushroom 0.019 156 58 197 192
eggplant 0.007 156 48 227 182
eggplant 0.010 0 84 67 206
eggplant 0.008 0 93 97 207
mushroom 0.008 0 60 197 208
cucumber 0.012 26 65 203 196
mushroom 0.033 90 69 179 203
cucumber 0.006 118 89 227 207
eggplant 0.010 142 89 227 205
cucumber 0.009 0 127 84 227
cucumber 0.008 0 116 111 227
eggplant 0.008 15 120 146 227
mushroom 0.009 44 123 191 225
mushroom 0.010 100 118 192 225
cucumber 0.007 135 129 221 227
cucumber 0.010 159 128 227 227
cucumber 0.011 0 143 68 227
mushroom 0.011 0 153 105 227
cucumber 0.008 28 154 135 227
mushroom 0.007 59 142 173 227
eggplant 0.009 89 137 201 227
mushroom 0.007 124 158 227 227
cucumber 0.009 163 153 227 227