eggplant 0.004 0 0 79 85
cucumber 0.006 5 0 99 68
mushroom 0.004 20 0 142 70
eggplant 0.004 71 0 152 72
eggplant 0.006 76 0 219 79
cucumber 0.005 127 0 224 81
cucumber 0.005 146 0 227 88
cucumber 0.004 0 0 73 107
mushroom 0.005 0 0 115 101
eggplant 0.005 25 0 130 121
mushroom 0.004 62 0 158 104
mushroom 0.006 94 0 202 105
eggplant 0.004 120 0 227 93
mushroom 0.004 147 7 227 88
eggplant 0.006 0 35 75 128
cucumber 0.004 0 19 109 135
eggplant 0.005 23 24 129 144
eggplant 0.006 38 25 206 156
eggplant 0.019 68 26 197 164
mushroom 0.005 117 43 227 120
mushroom 0.005 165 24 227 138
cucumber 0.006 0 62 58 169
eggplant 0.010 21 50 96 188
eggplant 0.004 28 50 114 159
cucumber 0.974 29 56 191 164
cucumber 0.006 60 3 219 191
mushroom 0.009 142 57 200 196
mushroom 0.004 156 42 227 190
eggplant 0.004 0 83 63 204
eggplant 0.005 0 104 91 191
mushroom 0.004 0 58 203 207
cucumber 0.005 49 71 187 195
mushroom 0.014 91 72 175 194
mushroom 0.003 126 91 221 199
eggplant 0.004 157 79 227 207
mushroom 0.005 0 124 89 227
cucumber 0.004 0 113 104 227
eggplant 0.003 16 124 146 227
mushroom 0.007 44 129 186 221
mushroom 0.005 95 112 194 227
cucumber 0.005 134 133 221 224
cucumber 0.004 161 133 227 227
cucumber 0.004 0 134 82 227
mushroom 0.005 0 152 96 227
eggplant 0.004 32 159 127 227
cucumber 0.005 55 149 174 227
mushroom 0.005 88 139 199 227
eggplant 0.003 135 142 225 227
cucumber 0.005 148 150 227 227