eggplant 0.002 0 0 85 86
cucumber 0.004 0 0 102 65
mushroom 0.002 16 0 148 71
eggplant 0.002 68 0 165 73
eggplant 0.004 82 0 215 78
cucumber 0.002 125 0 227 66
cucumber 0.002 144 0 227 85
cucumber 0.002 0 0 80 111
mushroom 0.002 0 0 115 110
eggplant 0.003 30 0 126 121
mushroom 0.003 59 0 162 107
mushroom 0.003 91 0 200 109
eggplant 0.003 122 4 227 93
mushroom 0.003 145 11 227 86
eggplant 0.003 0 33 66 129
cucumber 0.002 0 14 98 148
eggplant 0.003 26 21 127 147
eggplant 0.003 33 40 215 147
eggplant 0.008 101 16 192 146
cucumber 0.003 118 43 227 121
eggplant 0.003 161 23 227 138
cucumber 0.003 0 62 56 170
eggplant 0.006 28 45 90 193
eggplant 0.002 24 43 114 169
cucumber 0.992 25 87 206 145
cucumber 0.003 66 3 214 191
mushroom 0.004 146 64 194 190
eggplant 0.002 153 43 227 188
eggplant 0.003 0 91 66 194
eggplant 0.002 1 90 95 207
eggplant 0.004 0 55 205 208
cucumber 0.021 40 75 205 193
mushroom 0.009 92 74 172 191
mushroom 0.002 126 94 217 195
eggplant 0.002 163 79 227 210
cucumber 0.003 0 128 89 227
cucumber 0.002 0 116 112 227
eggplant 0.002 13 123 149 227
mushroom 0.004 49 132 183 218
mushroom 0.003 95 121 191 219
cucumber 0.003 135 132 219 227
cucumber 0.002 149 106 227 227
cucumber 0.002 0 137 65 227
mushroom 0.002 0 150 92 227
eggplant 0.002 22 155 142 227
mushroom 0.002 60 151 175 227
mushroom 0.002 89 137 202 227
eggplant 0.002 113 165 227 227
cucumber 0.002 150 150 227 227