eggplant 0.002 0 0 78 88
cucumber 0.004 5 0 94 65
mushroom 0.002 22 0 134 76
eggplant 0.002 69 0 161 78
eggplant 0.003 77 0 220 83
mushroom 0.003 129 0 227 69
eggplant 0.002 148 0 227 62
cucumber 0.003 0 0 55 97
mushroom 0.002 0 0 113 101
eggplant 0.003 5 0 156 109
mushroom 0.002 60 0 159 110
mushroom 0.005 97 0 200 99
cucumber 0.002 121 0 227 93
eggplant 0.002 149 1 227 93
eggplant 0.003 0 27 71 130
cucumber 0.002 0 10 112 145
eggplant 0.003 17 31 141 135
eggplant 0.005 27 33 217 155
eggplant 0.046 71 31 193 160
mushroom 0.003 111 33 227 123
mushroom 0.002 164 30 227 130
cucumber 0.003 0 55 54 178
eggplant 0.004 30 24 83 227
eggplant 0.004 26 44 115 162
cucumber 0.985 27 15 213 215
cucumber 0.218 57 50 227 196
mushroom 0.005 159 44 191 210
eggplant 0.002 155 80 227 154
eggplant 0.003 0 86 74 198
eggplant 0.002 0 100 106 197
mushroom 0.001 0 54 205 210
cucumber 0.000 22 81 190 181
mushroom 0.008 94 65 170 201
cucumber 0.002 112 90 227 207
eggplant 0.003 139 79 227 215
cucumber 0.003 0 120 94 227
cucumber 0.002 0 113 107 227
cucumber 0.002 45 113 118 227
eggplant 0.003 39 126 191 220
cucumber 0.003 106 115 186 227
mushroom 0.002 132 133 218 226
cucumber 0.003 147 116 227 227
cucumber 0.003 0 134 66 227
mushroom 0.003 0 148 105 227
eggplant 0.002 38 159 125 227
cucumber 0.002 68 146 166 227
eggplant 0.002 84 137 201 227
mushroom 0.001 142 142 219 227
cucumber 0.003 161 147 227 227