eggplant 0.004 0 0 68 78
cucumber 0.004 0 0 100 63
mushroom 0.004 16 0 141 73
eggplant 0.003 69 0 160 72
eggplant 0.004 82 0 213 73
cucumber 0.005 130 0 225 68
mushroom 0.004 145 0 227 85
cucumber 0.003 0 0 81 106
mushroom 0.003 0 0 118 104
eggplant 0.003 28 0 127 121
mushroom 0.003 57 0 163 113
cucumber 0.006 92 0 204 97
eggplant 0.003 118 0 227 99
mushroom 0.004 148 0 227 99
eggplant 0.006 0 25 75 130
cucumber 0.003 0 9 110 148
eggplant 0.004 17 23 138 142
eggplant 0.003 38 43 187 144
eggplant 0.026 68 34 195 156
mushroom 0.005 113 35 227 126
eggplant 0.003 169 27 227 132
cucumber 0.004 0 62 54 171
eggplant 0.007 23 23 89 227
mushroom 0.001 22 44 128 162
cucumber 0.956 75 28 153 205
cucumber 0.065 96 61 221 180
mushroom 0.009 157 50 195 200
eggplant 0.003 146 74 227 154
eggplant 0.005 0 82 73 201
eggplant 0.004 0 109 91 185
mushroom 0.004 0 60 202 206
cucumber 0.020 49 73 184 202
mushroom 0.014 87 67 178 202
cucumber 0.003 123 90 224 202
eggplant 0.004 165 83 227 202
cucumber 0.004 0 126 92 227
cucumber 0.004 0 118 109 227
eggplant 0.003 44 110 121 227
mushroom 0.005 41 133 192 218
mushroom 0.004 94 119 192 221
mushroom 0.004 140 105 218 227
cucumber 0.004 163 142 227 220
cucumber 0.005 0 138 72 227
mushroom 0.005 0 147 104 227
cucumber 0.003 39 154 121 227
mushroom 0.003 62 147 175 227
eggplant 0.004 86 134 205 227
mushroom 0.002 131 144 225 227
cucumber 0.004 149 146 227 227