eggplant 0.004 0 0 87 86
cucumber 0.005 4 0 99 64
cucumber 0.003 19 0 145 67
eggplant 0.004 62 0 170 75
eggplant 0.006 78 0 220 79
cucumber 0.004 125 0 227 63
cucumber 0.004 141 0 227 80
cucumber 0.004 0 0 80 111
mushroom 0.003 0 0 114 110
eggplant 0.005 28 0 130 121
mushroom 0.006 58 0 164 105
mushroom 0.004 89 0 202 108
eggplant 0.004 121 4 227 91
mushroom 0.004 146 11 227 85
eggplant 0.004 0 32 70 130
cucumber 0.003 0 17 107 141
eggplant 0.004 26 26 126 143
eggplant 0.006 14 39 194 150
eggplant 0.015 98 18 194 142
mushroom 0.004 119 42 227 123
eggplant 0.005 159 23 227 137
cucumber 0.005 0 59 55 171
eggplant 0.009 26 45 93 193
eggplant 0.004 24 46 112 169
cucumber 0.982 25 90 211 130
cucumber 0.004 65 5 214 189
mushroom 0.007 153 50 200 202
mushroom 0.003 154 46 227 185
eggplant 0.005 0 93 67 195
eggplant 0.004 0 92 101 205
eggplant 0.003 0 57 204 208
cucumber 0.008 48 76 196 192
mushroom 0.012 90 75 175 190
mushroom 0.003 127 96 219 195
eggplant 0.004 161 83 227 205
cucumber 0.004 0 131 88 227
cucumber 0.003 0 112 105 227
eggplant 0.004 17 121 146 227
mushroom 0.006 45 132 185 218
mushroom 0.005 95 120 191 221
cucumber 0.005 135 130 220 227
cucumber 0.004 148 109 227 227
cucumber 0.004 0 135 69 227
mushroom 0.004 0 151 92 227
eggplant 0.003 24 156 138 227
mushroom 0.004 59 154 174 227
mushroom 0.003 90 141 199 227
eggplant 0.003 129 143 227 227
cucumber 0.004 149 152 227 227