eggplant 0.002 0 0 83 89
cucumber 0.003 4 0 97 65
cucumber 0.002 18 0 141 64
eggplant 0.002 68 0 166 78
eggplant 0.002 70 0 227 79
cucumber 0.002 125 0 227 58
mushroom 0.002 135 0 227 87
cucumber 0.002 0 0 83 108
mushroom 0.002 0 0 120 109
eggplant 0.003 29 0 130 122
mushroom 0.002 61 1 166 99
mushroom 0.002 93 0 202 106
eggplant 0.002 118 2 227 91
mushroom 0.002 160 0 227 105
eggplant 0.003 0 40 73 120
cucumber 0.002 0 19 101 146
eggplant 0.002 21 25 129 147
eggplant 0.012 14 43 196 148
eggplant 0.007 94 13 199 144
mushroom 0.002 113 43 227 124
eggplant 0.002 168 18 227 139
cucumber 0.002 0 67 50 166
eggplant 0.004 29 20 83 227
eggplant 0.001 29 40 110 170
cucumber 0.995 23 71 221 134
cucumber 0.002 59 4 219 190
mushroom 0.003 160 52 196 203
cucumber 0.002 162 46 227 186
eggplant 0.002 0 80 62 207
eggplant 0.002 0 96 107 203
eggplant 0.001 0 51 207 211
mushroom 0.000 52 63 200 204
mushroom 0.008 95 65 168 198
cucumber 0.001 123 96 221 192
eggplant 0.002 161 78 227 209
cucumber 0.002 0 131 95 227
cucumber 0.001 1 107 102 227
eggplant 0.002 46 119 122 227
mushroom 0.003 40 130 191 218
mushroom 0.003 98 118 188 223
cucumber 0.002 137 130 220 227
cucumber 0.002 146 111 227 227
cucumber 0.002 0 131 64 227
mushroom 0.002 0 148 97 227
eggplant 0.002 19 163 140 227
mushroom 0.002 70 149 166 227
mushroom 0.002 83 136 212 227
eggplant 0.001 133 143 227 227
cucumber 0.002 145 156 227 227