cucumber 0.004 0 0 84 75
cucumber 0.005 0 0 106 69
mushroom 0.004 30 0 137 72
eggplant 0.004 68 0 166 67
eggplant 0.004 89 0 206 85
cucumber 0.004 121 0 227 66
cucumber 0.005 160 0 227 70
cucumber 0.005 0 0 63 106
mushroom 0.004 0 0 106 107
mushroom 0.004 26 0 132 121
eggplant 0.004 59 0 162 116
cucumber 0.004 74 0 215 107
cucumber 0.004 131 0 226 107
mushroom 0.004 138 0 227 107
mushroom 0.005 0 13 65 148
eggplant 0.003 0 9 104 151
eggplant 0.005 28 20 127 142
eggplant 0.001 36 39 203 143
eggplant 0.026 68 30 198 159
cucumber 0.005 118 45 227 114
eggplant 0.005 162 28 227 138
cucumber 0.004 0 50 60 176
eggplant 0.016 30 43 87 191
eggplant 0.005 18 33 118 179
cucumber 0.064 55 84 176 169
cucumber 0.034 72 9 204 185
mushroom 0.009 152 43 196 205
eggplant 0.004 137 58 227 169
eggplant 0.004 0 98 77 186
eggplant 0.005 10 93 89 202
eggplant 0.013 0 72 199 195
cucumber 0.900 31 109 189 174
mushroom 0.017 81 77 184 191
mushroom 0.002 127 98 223 198
mushroom 0.003 173 84 227 206
eggplant 0.004 0 113 81 227
mushroom 0.005 0 125 112 227
eggplant 0.004 47 114 118 227
mushroom 0.005 56 128 183 227
cucumber 0.004 83 127 202 216
cucumber 0.005 125 134 227 222
cucumber 0.004 156 108 227 227
cucumber 0.005 0 142 70 227
mushroom 0.004 0 151 98 227
cucumber 0.003 41 155 122 227
mushroom 0.004 51 149 183 227
eggplant 0.005 76 160 220 227
eggplant 0.004 117 148 227 227
cucumber 0.006 151 143 227 227