eggplant 0.004 0 0 81 87
cucumber 0.006 2 0 99 67
cucumber 0.003 21 0 141 65
eggplant 0.004 65 0 168 76
eggplant 0.006 73 0 224 79
cucumber 0.004 124 0 227 61
cucumber 0.003 136 0 227 84
cucumber 0.005 0 0 80 109
mushroom 0.004 0 0 116 109
eggplant 0.005 25 0 134 124
mushroom 0.005 61 0 164 103
mushroom 0.005 90 0 202 107
eggplant 0.004 121 1 227 91
mushroom 0.004 149 13 227 83
eggplant 0.005 0 39 72 123
cucumber 0.003 0 13 107 143
eggplant 0.004 22 25 128 146
eggplant 0.012 16 40 195 149
eggplant 0.014 95 15 198 143
mushroom 0.004 115 40 227 125
eggplant 0.005 163 21 227 136
cucumber 0.005 0 63 51 169
eggplant 0.008 25 22 84 227
eggplant 0.004 28 43 110 171
cucumber 0.992 28 77 215 134
cucumber 0.005 68 7 212 187
mushroom 0.007 156 51 199 202
mushroom 0.003 159 46 227 186
eggplant 0.005 0 84 66 205
eggplant 0.004 0 94 102 204
mushroom 0.002 0 55 205 209
cucumber 0.001 51 70 196 199
mushroom 0.012 95 70 170 195
mushroom 0.003 124 92 221 197
eggplant 0.004 159 82 227 207
cucumber 0.005 0 129 93 227
cucumber 0.003 0 110 103 227
eggplant 0.004 45 119 121 227
mushroom 0.006 41 128 189 221
mushroom 0.005 97 116 189 226
cucumber 0.005 135 129 220 227
cucumber 0.005 147 112 227 227
cucumber 0.005 0 133 67 227
mushroom 0.004 0 150 97 227
eggplant 0.004 22 159 137 227
mushroom 0.004 66 152 169 227
eggplant 0.004 85 139 208 227
eggplant 0.003 133 144 226 227
cucumber 0.004 148 154 227 227