eggplant 0.003 0 0 77 71
cucumber 0.004 0 0 107 73
mushroom 0.003 34 0 134 67
eggplant 0.003 71 0 164 63
mushroom 0.003 80 0 209 79
cucumber 0.003 119 0 227 91
cucumber 0.003 158 0 227 68
cucumber 0.003 0 0 60 110
cucumber 0.003 0 0 105 103
mushroom 0.003 18 0 140 107
eggplant 0.003 55 0 178 107
cucumber 0.003 73 11 219 88
eggplant 0.004 132 0 219 100
mushroom 0.004 170 0 227 103
mushroom 0.005 0 15 63 147
eggplant 0.003 0 17 86 137
eggplant 0.004 27 16 124 146
mushroom 0.002 51 51 179 130
eggplant 0.013 110 21 191 144
cucumber 0.004 127 48 222 118
eggplant 0.003 157 40 227 125
cucumber 0.003 0 55 54 174
eggplant 0.016 33 36 85 194
mushroom 0.003 21 39 125 169
cucumber 0.021 35 69 180 185
cucumber 0.007 71 9 202 185
mushroom 0.010 157 46 194 201
eggplant 0.003 149 53 227 177
eggplant 0.004 0 95 71 189
eggplant 0.004 0 105 92 184
eggplant 0.040 0 71 200 195
cucumber 0.966 34 88 219 227
mushroom 0.022 85 70 181 199
mushroom 0.002 130 95 215 202
eggplant 0.003 169 85 227 211
eggplant 0.003 0 114 77 227
mushroom 0.004 0 125 116 224
eggplant 0.003 44 113 123 227
mushroom 0.005 57 128 185 227
mushroom 0.003 76 132 211 213
eggplant 0.004 128 143 220 212
cucumber 0.003 162 137 227 223
cucumber 0.004 0 137 70 227
mushroom 0.003 1 149 102 227
cucumber 0.003 20 159 144 227
mushroom 0.003 51 151 182 227
eggplant 0.004 78 156 215 227
eggplant 0.004 113 158 227 227
cucumber 0.003 158 153 227 227