eggplant 0.002 0 0 72 84
cucumber 0.002 0 0 102 64
mushroom 0.002 30 0 136 70
eggplant 0.002 72 0 160 75
eggplant 0.002 79 0 206 87
cucumber 0.002 125 0 227 58
mushroom 0.001 131 0 227 83
cucumber 0.002 0 0 86 105
cucumber 0.001 0 0 115 112
cucumber 0.002 35 0 122 117
mushroom 0.002 55 0 175 113
mushroom 0.002 91 0 206 105
eggplant 0.002 120 0 227 98
mushroom 0.002 161 0 227 103
eggplant 0.003 0 33 68 124
cucumber 0.001 0 27 107 140
eggplant 0.002 18 25 135 143
eggplant 0.016 31 53 185 136
eggplant 0.007 103 15 197 142
mushroom 0.002 124 43 227 122
mushroom 0.002 175 17 227 141
cucumber 0.002 0 69 51 165
eggplant 0.004 27 20 87 227
mushroom 0.000 29 40 124 165
cucumber 0.984 27 25 219 191
cucumber 0.003 61 8 213 186
mushroom 0.004 162 51 196 204
mushroom 0.001 159 47 227 185
eggplant 0.002 0 73 59 213
eggplant 0.001 0 101 93 193
mushroom 0.002 0 53 207 209
cucumber 0.001 47 59 209 220
mushroom 0.010 94 53 169 210
cucumber 0.001 119 93 222 193
eggplant 0.002 166 77 227 209
cucumber 0.002 0 129 93 224
cucumber 0.001 0 111 104 227
eggplant 0.001 47 116 118 227
cucumber 0.002 44 135 194 216
mushroom 0.002 85 124 201 217
mushroom 0.002 136 132 219 226
mushroom 0.002 147 116 227 227
cucumber 0.002 0 128 74 227
mushroom 0.002 0 150 108 227
eggplant 0.002 12 166 146 227
mushroom 0.001 72 146 165 227
eggplant 0.001 72 161 218 227
eggplant 0.001 131 140 227 227
cucumber 0.002 156 150 227 227