eggplant 0.003 0 0 80 89
cucumber 0.004 4 0 96 71
mushroom 0.002 21 0 137 73
eggplant 0.004 69 0 164 80
eggplant 0.004 78 0 219 86
mushroom 0.004 128 0 227 71
cucumber 0.003 149 0 227 60
cucumber 0.004 0 0 62 98
mushroom 0.003 0 0 110 102
eggplant 0.003 6 0 157 109
mushroom 0.004 60 0 159 106
mushroom 0.006 100 0 196 100
cucumber 0.003 123 2 227 91
eggplant 0.003 150 2 227 93
eggplant 0.003 0 31 73 129
cucumber 0.002 0 15 110 140
eggplant 0.004 23 31 135 137
eggplant 0.008 27 29 218 157
eggplant 0.051 69 31 197 159
mushroom 0.004 114 37 227 119
mushroom 0.003 161 27 227 136
cucumber 0.004 0 54 56 176
eggplant 0.006 26 24 84 227
eggplant 0.013 22 45 116 165
cucumber 0.975 17 28 216 213
cucumber 0.062 53 45 227 194
mushroom 0.006 146 55 193 198
eggplant 0.003 155 76 227 158
eggplant 0.003 0 58 72 220
eggplant 0.003 0 97 107 200
mushroom 0.002 0 53 204 211
eggplant 0.001 24 48 185 212
mushroom 0.012 88 70 176 196
cucumber 0.003 116 87 227 208
eggplant 0.004 139 80 227 213
cucumber 0.004 0 119 93 227
cucumber 0.003 0 114 111 227
cucumber 0.002 15 126 149 227
mushroom 0.004 41 129 186 220
cucumber 0.004 103 117 188 227
cucumber 0.003 137 101 221 227
cucumber 0.004 147 113 227 227
cucumber 0.004 0 138 70 227
mushroom 0.003 0 147 101 227
cucumber 0.003 20 156 134 227
cucumber 0.003 65 151 169 227
eggplant 0.003 88 143 195 227
eggplant 0.002 113 168 227 227
cucumber 0.004 161 147 227 227