eggplant 0.002 0 0 78 83
cucumber 0.004 0 0 104 68
mushroom 0.002 20 0 141 78
eggplant 0.003 76 0 158 72
eggplant 0.003 85 0 207 79
cucumber 0.003 124 0 227 70
cucumber 0.002 152 0 227 65
cucumber 0.003 0 0 82 107
mushroom 0.002 0 0 110 109
eggplant 0.003 30 0 126 122
mushroom 0.003 55 0 165 106
cucumber 0.004 90 0 200 105
eggplant 0.002 118 7 227 90
mushroom 0.003 145 3 227 94
eggplant 0.004 0 28 67 130
cucumber 0.002 0 15 95 147
eggplant 0.003 26 20 131 146
eggplant 0.003 33 47 211 141
eggplant 0.009 104 18 191 144
mushroom 0.003 115 44 227 119
eggplant 0.003 164 25 227 135
cucumber 0.003 0 64 52 170
eggplant 0.007 27 43 90 193
eggplant 0.002 25 39 118 171
cucumber 0.987 16 79 202 169
cucumber 0.007 72 7 206 187
mushroom 0.005 154 48 197 205
eggplant 0.002 155 44 227 186
eggplant 0.003 0 91 68 194
eggplant 0.002 5 91 91 205
eggplant 0.006 0 56 204 208
cucumber 0.038 29 71 209 198
mushroom 0.010 91 71 173 195
cucumber 0.002 125 97 220 196
eggplant 0.002 164 75 227 215
mushroom 0.003 0 127 91 227
cucumber 0.002 0 122 116 227
eggplant 0.002 43 114 122 227
mushroom 0.003 50 132 186 221
mushroom 0.003 96 123 191 218
mushroom 0.003 137 136 216 226
cucumber 0.003 154 109 227 227
cucumber 0.003 0 131 74 227
mushroom 0.003 0 149 99 227
cucumber 0.003 20 155 140 227
mushroom 0.003 60 152 176 227
eggplant 0.003 89 138 201 227
eggplant 0.002 119 161 227 227
cucumber 0.003 151 150 227 227