eggplant 0.002 0 0 73 85
cucumber 0.002 0 0 99 63
mushroom 0.002 26 0 133 83
eggplant 0.002 77 0 154 76
eggplant 0.001 73 0 218 79
cucumber 0.002 123 0 227 69
cucumber 0.001 140 0 227 68
cucumber 0.002 0 0 82 99
mushroom 0.002 0 0 110 106
eggplant 0.002 29 0 128 116
mushroom 0.002 54 2 168 101
mushroom 0.003 95 0 204 106
eggplant 0.001 121 4 227 93
mushroom 0.002 149 5 227 96
eggplant 0.003 0 25 69 129
cucumber 0.002 0 19 100 147
eggplant 0.002 17 29 139 139
eggplant 0.015 30 49 208 138
eggplant 0.008 61 28 201 162
mushroom 0.002 123 12 227 139
mushroom 0.001 157 37 227 127
cucumber 0.002 0 68 49 168
eggplant 0.004 30 43 89 194
mushroom 0.001 33 39 124 163
cucumber 0.967 4 22 214 211
cucumber 0.031 87 56 227 177
mushroom 0.005 159 50 192 205
eggplant 0.002 162 48 227 182
eggplant 0.002 0 82 64 203
cucumber 0.001 0 107 89 187
mushroom 0.003 0 55 206 208
cucumber 0.001 6 49 214 210
mushroom 0.010 95 54 169 212
cucumber 0.002 113 84 227 213
eggplant 0.002 141 87 227 207
mushroom 0.002 0 123 96 227
cucumber 0.001 0 116 108 227
eggplant 0.001 38 111 124 227
mushroom 0.002 46 127 190 222
cucumber 0.002 99 125 192 222
cucumber 0.002 139 135 213 222
cucumber 0.002 158 133 227 227
cucumber 0.002 0 128 77 227
mushroom 0.002 0 141 108 227
eggplant 0.002 18 156 138 227
cucumber 0.002 66 147 167 227
eggplant 0.002 82 132 207 227
eggplant 0.001 134 136 227 227
cucumber 0.003 158 150 227 227