eggplant 0.002 0 0 77 81
cucumber 0.002 0 0 107 68
mushroom 0.002 33 0 133 67
eggplant 0.002 68 0 165 73
eggplant 0.002 78 0 206 85
cucumber 0.002 127 0 227 54
cucumber 0.002 135 0 227 84
cucumber 0.002 0 0 82 111
cucumber 0.002 0 0 105 114
cucumber 0.002 36 0 122 117
mushroom 0.002 52 0 178 109
mushroom 0.002 94 0 203 105
eggplant 0.002 122 0 227 98
mushroom 0.002 162 0 227 107
eggplant 0.003 0 32 68 128
cucumber 0.002 0 30 104 135
eggplant 0.002 23 22 127 148
eggplant 0.007 25 50 188 139
eggplant 0.007 103 19 198 139
mushroom 0.002 123 16 227 136
mushroom 0.002 176 16 227 143
cucumber 0.003 0 65 51 169
eggplant 0.006 32 37 87 199
mushroom 0.001 22 39 123 169
cucumber 0.969 27 32 210 184
cucumber 0.001 61 7 216 186
mushroom 0.005 160 50 198 203
mushroom 0.002 157 49 227 184
eggplant 0.003 0 74 61 212
eggplant 0.002 0 99 92 194
mushroom 0.007 0 58 206 204
cucumber 0.006 50 64 207 227
mushroom 0.011 95 57 168 207
cucumber 0.001 118 94 224 194
eggplant 0.002 165 80 227 208
cucumber 0.002 0 129 93 225
cucumber 0.002 0 115 103 227
eggplant 0.002 48 118 119 227
mushroom 0.002 45 137 191 216
mushroom 0.002 79 128 205 214
mushroom 0.002 134 135 219 221
cucumber 0.002 146 115 227 227
cucumber 0.002 0 130 73 227
mushroom 0.002 0 148 105 227
eggplant 0.002 16 164 146 227
mushroom 0.002 67 149 169 227
mushroom 0.002 72 157 217 227
eggplant 0.002 122 141 227 227
cucumber 0.002 153 151 227 227