cucumber 0.003 0 0 80 73
cucumber 0.004 0 0 116 72
mushroom 0.003 38 0 132 73
eggplant 0.004 75 0 155 66
cucumber 0.003 85 0 204 88
cucumber 0.002 120 0 227 70
cucumber 0.004 162 0 227 80
cucumber 0.003 0 0 65 107
mushroom 0.003 0 0 106 104
mushroom 0.003 19 0 142 115
mushroom 0.003 62 0 160 119
cucumber 0.004 79 0 211 105
eggplant 0.003 132 0 223 108
mushroom 0.003 172 0 227 100
mushroom 0.005 0 6 62 153
eggplant 0.002 3 10 83 140
eggplant 0.003 28 24 130 137
cucumber 0.001 30 45 204 136
eggplant 0.015 108 20 191 148
cucumber 0.004 117 49 227 114
eggplant 0.003 151 39 227 131
cucumber 0.003 0 50 59 176
eggplant 0.012 35 37 83 192
mushroom 0.002 22 38 124 168
cucumber 0.005 24 67 202 190
cucumber 0.084 58 61 223 194
mushroom 0.010 156 47 190 201
eggplant 0.002 135 43 227 176
eggplant 0.003 0 102 74 181
eggplant 0.003 0 112 92 176
eggplant 0.017 0 69 201 198
cucumber 0.981 17 98 214 179
mushroom 0.018 79 77 186 195
eggplant 0.001 118 87 227 213
mushroom 0.003 174 81 227 213
eggplant 0.003 0 121 84 227
mushroom 0.003 0 122 113 227
eggplant 0.003 49 110 114 227
mushroom 0.005 57 131 182 225
cucumber 0.003 84 133 201 210
cucumber 0.004 126 134 222 221
cucumber 0.004 170 133 227 225
cucumber 0.004 0 139 73 227
mushroom 0.003 5 150 97 227
cucumber 0.002 35 152 127 227
mushroom 0.003 51 148 183 227
eggplant 0.005 80 166 214 227
eggplant 0.003 117 157 227 227
cucumber 0.004 154 145 227 227