eggplant 0.003 0 0 75 82
cucumber 0.004 0 0 106 73
mushroom 0.003 22 0 139 78
eggplant 0.004 78 0 155 71
mushroom 0.003 82 0 209 76
cucumber 0.004 122 0 227 68
cucumber 0.003 145 0 227 84
cucumber 0.003 0 0 81 105
cucumber 0.003 0 0 112 109
eggplant 0.004 31 0 128 117
mushroom 0.004 56 1 164 102
cucumber 0.005 93 0 200 103
eggplant 0.003 121 4 227 93
mushroom 0.003 147 0 227 99
eggplant 0.005 0 27 69 131
eggplant 0.003 0 18 97 146
eggplant 0.004 27 23 131 143
eggplant 0.004 37 51 203 136
eggplant 0.011 104 18 193 143
mushroom 0.004 118 41 227 124
eggplant 0.003 169 23 227 139
cucumber 0.004 0 64 53 171
eggplant 0.009 27 43 90 192
eggplant 0.002 29 41 122 167
cucumber 0.976 16 60 198 186
cucumber 0.008 72 10 205 183
mushroom 0.007 155 51 197 200
eggplant 0.004 156 43 227 187
eggplant 0.004 0 60 72 218
eggplant 0.003 2 91 93 203
eggplant 0.012 0 58 202 207
cucumber 0.029 35 64 209 209
mushroom 0.013 91 67 174 201
cucumber 0.002 124 97 221 195
eggplant 0.003 165 75 227 214
cucumber 0.003 0 126 91 227
cucumber 0.003 0 121 113 227
eggplant 0.003 42 113 123 227
mushroom 0.004 52 131 185 222
mushroom 0.004 93 122 194 222
mushroom 0.004 135 137 217 223
cucumber 0.004 161 134 227 227
cucumber 0.004 0 132 77 227
mushroom 0.003 0 143 100 227
cucumber 0.003 16 155 143 227
mushroom 0.003 63 151 171 227
eggplant 0.003 87 133 203 227
eggplant 0.003 122 157 227 227
cucumber 0.004 157 155 227 227