cucumber 0.003 0 0 74 84
cucumber 0.005 1 0 98 62
mushroom 0.002 23 0 132 85
eggplant 0.004 73 0 155 75
eggplant 0.004 92 0 203 84
cucumber 0.004 126 0 227 73
cucumber 0.003 156 0 227 78
cucumber 0.004 0 0 65 101
mushroom 0.003 0 0 106 96
mushroom 0.003 11 0 147 114
mushroom 0.002 57 0 161 116
cucumber 0.004 98 0 200 107
cucumber 0.003 128 4 224 96
mushroom 0.003 141 0 227 107
eggplant 0.004 0 11 67 141
cucumber 0.002 0 10 111 150
eggplant 0.003 18 35 140 128
cucumber 0.003 22 33 215 151
eggplant 0.085 74 38 192 153
mushroom 0.004 109 39 227 121
mushroom 0.003 163 33 227 131
cucumber 0.003 0 45 64 183
eggplant 0.005 33 46 84 188
mushroom 0.002 21 42 125 165
cucumber 0.095 31 32 208 221
cucumber 0.853 59 59 226 198
mushroom 0.008 157 53 189 199
eggplant 0.003 146 68 227 160
eggplant 0.004 0 106 82 179
eggplant 0.003 5 99 93 195
mushroom 0.002 0 65 202 203
cucumber 0.116 9 105 195 161
mushroom 0.010 91 67 173 205
cucumber 0.002 109 90 227 208
mushroom 0.003 177 87 227 200
mushroom 0.004 0 122 85 227
cucumber 0.003 0 117 111 227
eggplant 0.003 47 116 111 227
mushroom 0.003 45 126 188 227
cucumber 0.003 103 127 186 217
cucumber 0.003 122 124 225 227
cucumber 0.004 172 143 227 214
cucumber 0.004 0 144 75 227
mushroom 0.003 0 149 113 227
cucumber 0.002 34 154 130 227
mushroom 0.003 61 147 178 227
eggplant 0.005 79 179 217 227
mushroom 0.002 128 146 227 227
cucumber 0.004 164 150 227 227