cucumber 0.003 0 0 78 85
cucumber 0.005 0 0 107 69
mushroom 0.003 17 0 143 78
eggplant 0.004 74 0 157 71
mushroom 0.004 89 0 204 80
cucumber 0.003 121 0 227 70
cucumber 0.003 154 0 227 66
cucumber 0.003 0 0 82 106
mushroom 0.003 0 0 100 112
eggplant 0.003 32 0 126 122
mushroom 0.004 54 0 166 109
cucumber 0.004 91 0 199 108
eggplant 0.003 121 7 227 92
mushroom 0.004 142 2 227 97
eggplant 0.005 0 23 67 135
eggplant 0.003 0 14 94 145
eggplant 0.004 24 21 135 143
cucumber 0.003 33 48 207 139
eggplant 0.013 108 17 188 145
mushroom 0.004 116 46 227 117
eggplant 0.003 159 30 227 134
cucumber 0.003 0 63 55 171
eggplant 0.009 27 44 91 191
eggplant 0.002 25 42 122 169
cucumber 0.921 15 89 204 164
cucumber 0.021 76 11 199 183
mushroom 0.006 155 49 195 202
eggplant 0.003 152 43 227 186
eggplant 0.004 0 97 72 189
eggplant 0.003 8 93 88 202
eggplant 0.007 0 59 202 206
cucumber 0.176 25 78 211 193
mushroom 0.015 89 76 176 193
mushroom 0.002 129 94 216 201
eggplant 0.003 165 77 227 214
cucumber 0.003 0 127 87 227
cucumber 0.003 0 123 119 227
eggplant 0.003 44 115 120 227
mushroom 0.004 48 134 188 219
cucumber 0.004 96 126 190 215
mushroom 0.004 133 135 218 225
cucumber 0.003 156 110 227 227
cucumber 0.004 0 132 74 227
mushroom 0.003 0 151 100 227
cucumber 0.003 24 155 139 227
mushroom 0.003 57 152 178 227
eggplant 0.003 92 137 197 227
eggplant 0.002 121 157 227 227
cucumber 0.004 154 149 227 227