eggplant 0.005 0 0 81 87
cucumber 0.011 0 0 102 66
mushroom 0.004 21 0 140 68
eggplant 0.005 70 0 161 77
eggplant 0.008 81 0 215 74
cucumber 0.006 132 0 224 64
cucumber 0.005 148 0 227 65
cucumber 0.007 0 0 78 109
mushroom 0.005 0 0 112 108
eggplant 0.007 26 0 130 118
mushroom 0.006 55 0 168 107
cucumber 0.008 94 0 198 105
eggplant 0.006 120 2 227 93
mushroom 0.006 144 8 227 91
eggplant 0.006 0 33 68 128
eggplant 0.004 0 22 106 138
eggplant 0.006 22 26 132 143
eggplant 0.014 15 33 195 155
eggplant 0.017 93 19 200 143
mushroom 0.007 113 43 227 119
eggplant 0.006 161 20 227 138
cucumber 0.006 0 62 52 168
eggplant 0.011 24 45 91 193
eggplant 0.013 19 48 117 168
cucumber 0.975 50 85 175 152
cucumber 0.010 74 17 203 177
mushroom 0.012 140 64 204 187
mushroom 0.006 142 69 227 162
eggplant 0.008 0 91 68 194
eggplant 0.006 0 98 99 196
eggplant 0.006 0 60 200 205
cucumber 0.017 53 68 188 204
mushroom 0.016 91 73 177 193
cucumber 0.004 118 96 227 195
eggplant 0.006 142 90 227 206
cucumber 0.006 0 132 89 227
cucumber 0.005 0 117 111 227
eggplant 0.005 42 116 124 227
mushroom 0.006 47 131 185 223
mushroom 0.006 94 116 194 224
cucumber 0.006 135 128 220 227
cucumber 0.006 153 110 227 227
cucumber 0.006 0 139 70 227
mushroom 0.006 0 152 100 227
cucumber 0.005 34 158 129 227
mushroom 0.005 58 153 179 227
mushroom 0.005 89 139 203 227
eggplant 0.004 124 139 227 227
cucumber 0.006 148 150 227 227