eggplant 0.003 0 0 83 86
cucumber 0.004 3 0 98 66
mushroom 0.002 20 0 142 73
eggplant 0.003 67 0 166 75
eggplant 0.004 77 0 219 78
cucumber 0.003 127 0 227 68
cucumber 0.003 138 0 227 85
cucumber 0.003 0 0 55 91
mushroom 0.002 0 0 113 105
eggplant 0.003 27 0 129 120
mushroom 0.003 62 0 159 108
mushroom 0.004 91 0 201 111
eggplant 0.003 125 5 227 91
mushroom 0.003 146 11 227 86
eggplant 0.004 0 34 68 127
cucumber 0.002 0 14 98 149
eggplant 0.003 22 22 129 147
eggplant 0.004 33 35 213 151
eggplant 0.010 102 18 192 143
mushroom 0.003 119 40 227 123
eggplant 0.003 162 22 227 137
cucumber 0.004 0 62 54 170
eggplant 0.006 26 45 92 192
eggplant 0.003 25 45 114 166
cucumber 0.991 22 65 210 157
cucumber 0.007 66 2 213 191
mushroom 0.005 145 62 195 192
eggplant 0.003 154 43 227 188
eggplant 0.003 0 89 65 197
eggplant 0.003 0 91 99 207
eggplant 0.002 0 53 205 211
cucumber 0.007 34 77 209 193
mushroom 0.009 91 70 173 195
mushroom 0.002 127 93 218 198
eggplant 0.003 161 77 227 212
mushroom 0.003 0 125 91 227
cucumber 0.003 0 115 109 227
eggplant 0.002 17 121 145 227
mushroom 0.004 45 130 186 220
mushroom 0.003 96 121 191 221
mushroom 0.003 136 131 216 227
cucumber 0.003 145 109 227 227
cucumber 0.003 0 133 66 227
mushroom 0.003 0 152 95 227
eggplant 0.002 34 156 125 227
mushroom 0.003 58 151 175 227
eggplant 0.003 85 136 203 227
eggplant 0.002 116 164 227 227
cucumber 0.003 156 149 227 227