eggplant 0.003 0 0 60 84
cucumber 0.002 0 0 96 55
mushroom 0.002 31 0 136 74
eggplant 0.003 69 0 161 77
eggplant 0.002 68 0 223 78
cucumber 0.003 132 0 222 61
mushroom 0.002 136 0 227 82
cucumber 0.002 0 0 79 100
mushroom 0.002 0 0 116 108
cucumber 0.002 3 0 152 98
mushroom 0.002 54 5 170 98
cucumber 0.004 94 0 208 112
eggplant 0.002 120 0 227 102
mushroom 0.002 149 9 227 97
eggplant 0.004 0 29 68 127
cucumber 0.002 0 32 96 134
eggplant 0.002 19 25 137 141
mushroom 0.286 88 58 163 127
eggplant 0.012 63 24 199 166
mushroom 0.002 119 37 227 124
mushroom 0.002 154 28 227 130
cucumber 0.003 0 53 77 176
eggplant 0.005 29 45 90 189
mushroom 0.007 35 42 134 158
cucumber 0.484 11 20 206 206
cucumber 0.042 104 48 215 175
mushroom 0.010 165 47 185 206
eggplant 0.002 149 61 227 165
eggplant 0.003 0 76 68 205
eggplant 0.002 0 105 94 184
mushroom 0.015 0 101 150 170
mushroom 0.002 5 49 202 211
mushroom 0.040 91 54 174 216
cucumber 0.002 113 88 227 209
eggplant 0.003 144 90 227 203
mushroom 0.003 0 133 90 227
cucumber 0.002 0 110 109 227
eggplant 0.002 33 109 132 227
mushroom 0.002 47 116 186 227
cucumber 0.002 106 128 191 220
cucumber 0.002 129 113 227 227
cucumber 0.003 149 119 227 227
cucumber 0.003 0 147 58 227
mushroom 0.003 0 145 121 227
cucumber 0.002 17 154 139 227
mushroom 0.003 65 147 169 227
eggplant 0.003 69 173 226 227
mushroom 0.002 131 136 227 227
cucumber 0.003 161 154 227 227