eggplant 0.004 0 0 82 88
cucumber 0.005 5 0 98 67
cucumber 0.004 20 0 143 66
eggplant 0.004 61 0 171 78
eggplant 0.007 73 0 226 79
cucumber 0.004 123 0 227 62
cucumber 0.004 140 0 227 80
cucumber 0.005 0 0 79 111
mushroom 0.004 0 0 117 109
eggplant 0.006 26 0 134 122
mushroom 0.005 60 0 164 104
mushroom 0.005 91 0 201 105
eggplant 0.004 122 1 227 91
mushroom 0.004 148 13 227 85
eggplant 0.005 0 37 72 125
cucumber 0.003 0 16 110 141
eggplant 0.004 22 28 128 144
eggplant 0.010 16 39 193 151
eggplant 0.016 95 18 198 140
mushroom 0.004 115 42 227 124
eggplant 0.005 163 22 227 135
cucumber 0.005 0 60 55 171
eggplant 0.008 25 45 93 192
eggplant 0.007 25 44 111 172
cucumber 0.983 25 81 212 128
cucumber 0.005 64 6 215 188
mushroom 0.008 155 51 198 201
mushroom 0.003 150 72 227 162
eggplant 0.005 0 85 66 202
eggplant 0.004 0 93 103 204
mushroom 0.003 0 57 205 207
cucumber 0.001 56 73 191 196
mushroom 0.012 91 72 174 192
mushroom 0.003 127 96 220 194
eggplant 0.004 160 84 227 205
cucumber 0.004 0 129 92 227
cucumber 0.004 0 109 102 227
eggplant 0.004 48 119 120 227
mushroom 0.006 43 130 187 220
mushroom 0.005 94 120 191 223
cucumber 0.005 135 128 220 227
cucumber 0.005 147 110 227 227
cucumber 0.005 0 134 69 227
mushroom 0.004 0 150 96 227
eggplant 0.004 25 156 135 227
mushroom 0.004 63 154 170 227
mushroom 0.003 88 137 204 227
eggplant 0.003 133 147 227 227
cucumber 0.004 145 155 227 227