eggplant 0.003 0 0 78 82
cucumber 0.005 0 0 106 68
mushroom 0.003 17 0 144 69
eggplant 0.004 67 0 165 73
eggplant 0.005 81 0 215 74
cucumber 0.004 126 0 227 63
cucumber 0.003 151 0 227 69
cucumber 0.004 0 0 84 111
mushroom 0.003 0 0 109 108
eggplant 0.004 32 0 128 121
mushroom 0.004 61 0 163 108
cucumber 0.005 87 0 204 107
eggplant 0.004 124 3 227 93
mushroom 0.004 144 4 227 92
eggplant 0.005 0 28 67 133
cucumber 0.003 0 18 99 143
eggplant 0.004 25 21 129 148
eggplant 0.004 37 47 205 140
eggplant 0.014 103 17 192 142
mushroom 0.004 118 45 227 119
eggplant 0.005 161 21 227 139
cucumber 0.004 0 60 55 171
eggplant 0.008 26 42 90 194
eggplant 0.001 24 39 118 173
cucumber 0.968 33 84 211 156
cucumber 0.007 70 11 209 183
mushroom 0.008 154 50 199 201
eggplant 0.003 154 45 227 185
eggplant 0.004 0 89 69 198
eggplant 0.004 1 93 94 204
eggplant 0.005 0 57 204 208
cucumber 0.079 40 81 210 199
mushroom 0.013 93 73 172 194
mushroom 0.002 126 92 218 200
eggplant 0.003 164 81 227 208
cucumber 0.004 0 132 86 225
cucumber 0.003 0 115 112 227
eggplant 0.003 45 117 121 227
mushroom 0.005 45 132 187 220
mushroom 0.005 91 121 193 219
cucumber 0.004 133 130 220 227
cucumber 0.004 151 111 227 227
cucumber 0.004 0 140 70 227
mushroom 0.004 0 152 97 227
cucumber 0.003 22 159 140 227
mushroom 0.003 61 152 174 227
eggplant 0.003 92 135 200 227
eggplant 0.003 120 142 227 227
cucumber 0.004 153 153 227 227