eggplant 0.005 0 0 81 87
cucumber 0.009 5 0 96 65
mushroom 0.004 23 0 138 69
eggplant 0.005 66 0 166 79
eggplant 0.007 74 0 225 81
cucumber 0.005 127 0 227 62
mushroom 0.004 139 0 227 64
cucumber 0.006 0 0 79 108
mushroom 0.005 0 0 117 109
eggplant 0.007 26 0 132 119
mushroom 0.005 56 0 169 101
mushroom 0.006 96 0 197 110
eggplant 0.006 118 1 227 92
mushroom 0.005 147 16 227 85
eggplant 0.006 0 39 72 123
cucumber 0.004 0 18 100 144
eggplant 0.005 21 30 128 142
eggplant 0.030 24 38 195 151
eggplant 0.019 65 29 200 160
mushroom 0.005 111 42 227 121
eggplant 0.005 165 21 227 136
cucumber 0.006 0 64 54 167
eggplant 0.009 20 22 88 227
eggplant 0.012 24 49 113 167
cucumber 0.979 26 82 199 134
cucumber 0.010 68 11 206 183
mushroom 0.011 143 58 201 192
mushroom 0.005 148 71 227 162
eggplant 0.008 0 88 66 199
eggplant 0.004 0 99 103 198
mushroom 0.003 0 62 202 203
mushroom 0.001 56 66 187 202
mushroom 0.018 92 66 174 198
cucumber 0.004 117 82 227 212
eggplant 0.005 163 84 227 205
cucumber 0.005 0 131 94 227
cucumber 0.004 0 114 102 227
eggplant 0.005 43 117 123 227
mushroom 0.006 42 131 188 218
mushroom 0.006 100 118 189 225
cucumber 0.005 135 109 225 227
cucumber 0.006 148 112 227 227
cucumber 0.006 0 133 70 227
mushroom 0.005 0 152 102 227
eggplant 0.004 33 156 130 227
mushroom 0.005 62 152 173 227
mushroom 0.004 88 139 204 227
eggplant 0.004 132 146 227 227
cucumber 0.005 145 156 227 227