eggplant 0.002 0 0 82 91
cucumber 0.003 4 0 96 69
mushroom 0.002 22 0 138 75
eggplant 0.002 72 0 161 80
eggplant 0.002 73 0 222 88
mushroom 0.003 129 0 226 71
eggplant 0.002 147 0 227 57
cucumber 0.002 0 0 55 96
mushroom 0.002 0 0 113 104
eggplant 0.002 25 0 135 122
mushroom 0.003 62 0 160 104
mushroom 0.004 99 0 197 101
eggplant 0.002 118 3 227 89
eggplant 0.002 151 9 227 85
eggplant 0.002 0 36 74 123
cucumber 0.001 0 13 98 151
eggplant 0.002 20 30 135 138
eggplant 0.011 26 32 222 156
eggplant 0.018 64 25 200 167
mushroom 0.002 126 13 227 137
eggplant 0.001 160 23 227 139
cucumber 0.002 0 59 53 173
eggplant 0.004 24 50 95 189
eggplant 0.006 26 42 112 166
cucumber 0.991 17 21 220 189
cucumber 0.017 58 43 227 187
mushroom 0.004 150 61 188 193
eggplant 0.001 155 78 227 156
eggplant 0.002 0 53 74 224
eggplant 0.002 0 94 108 204
mushroom 0.001 0 52 206 211
eggplant 0.000 15 46 194 213
mushroom 0.008 90 68 173 197
cucumber 0.002 119 84 227 209
eggplant 0.003 138 78 227 215
cucumber 0.003 0 119 96 227
cucumber 0.001 0 115 106 227
cucumber 0.001 12 127 149 227
mushroom 0.002 46 128 184 219
cucumber 0.003 105 115 187 227
cucumber 0.002 136 103 225 227
cucumber 0.002 143 112 227 227
cucumber 0.002 0 134 66 227
mushroom 0.002 0 144 101 227
eggplant 0.002 17 156 136 227
cucumber 0.002 64 152 168 227
eggplant 0.002 86 142 199 227
eggplant 0.001 113 169 227 227
cucumber 0.002 160 147 227 227