eggplant 0.009 0 0 73 71
eggplant 0.008 0 0 126 76
mushroom 0.007 26 0 137 87
eggplant 0.011 57 0 171 78
eggplant 0.014 66 0 216 68
cucumber 0.009 124 0 227 75
mushroom 0.012 158 0 227 70
cucumber 0.010 0 0 71 111
mushroom 0.013 0 0 112 95
eggplant 0.009 7 0 153 101
mushroom 0.007 48 0 172 100
mushroom 0.009 87 0 203 107
cucumber 0.013 128 0 226 102
mushroom 0.007 161 0 227 101
eggplant 0.009 0 21 86 137
cucumber 0.011 0 10 118 151
eggplant 0.008 25 34 132 135
eggplant 0.060 37 30 202 145
eggplant 0.701 69 30 199 161
mushroom 0.009 124 35 227 129
eggplant 0.009 155 19 227 145
cucumber 0.013 0 52 66 171
eggplant 0.016 15 32 86 219
eggplant 0.035 15 40 128 174
eggplant 0.073 55 29 185 196
mushroom 0.112 68 32 216 194
mushroom 0.019 142 40 199 209
mushroom 0.009 164 67 227 169
eggplant 0.010 0 65 68 219
eggplant 0.011 0 107 114 193
mushroom 0.009 0 70 195 199
mushroom 0.058 53 70 167 194
mushroom 0.027 73 70 192 200
eggplant 0.007 112 90 227 199
eggplant 0.007 165 91 227 198
eggplant 0.011 0 120 80 227
mushroom 0.009 0 109 111 227
cucumber 0.009 10 111 156 227
mushroom 0.009 47 124 177 227
cucumber 0.008 92 110 203 227
cucumber 0.009 136 106 220 227
cucumber 0.011 146 114 227 227
eggplant 0.013 0 151 76 227
mushroom 0.007 0 148 104 227
cucumber 0.009 32 161 133 227
mushroom 0.011 40 143 192 227
mushroom 0.009 76 158 222 227
eggplant 0.008 138 150 225 227
cucumber 0.011 157 148 227 227