eggplant 0.004 0 0 66 83
cucumber 0.004 1 0 104 82
mushroom 0.004 32 0 136 76
eggplant 0.004 64 0 161 69
eggplant 0.005 87 0 202 73
mushroom 0.004 123 0 227 72
cucumber 0.005 157 0 227 85
cucumber 0.004 0 4 53 98
cucumber 0.003 0 0 113 113
eggplant 0.005 31 0 128 112
mushroom 0.004 57 0 169 106
mushroom 0.004 77 9 225 93
eggplant 0.004 116 10 227 84
mushroom 0.004 148 0 227 102
eggplant 0.004 0 17 80 147
cucumber 0.004 0 23 108 131
eggplant 0.003 26 27 129 139
eggplant 0.081 19 40 185 150
eggplant 0.014 98 14 195 145
eggplant 0.003 131 25 227 131
eggplant 0.004 163 18 227 146
cucumber 0.005 0 62 68 170
eggplant 0.013 20 52 99 189
eggplant 0.016 24 43 119 169
eggplant 0.982 18 55 190 160
eggplant 0.001 49 9 227 184
mushroom 0.007 149 61 192 192
cucumber 0.003 161 52 227 178
mushroom 0.003 0 82 62 207
cucumber 0.003 0 89 108 203
eggplant 0.018 0 56 203 207
eggplant 0.001 10 44 190 215
mushroom 0.013 82 68 182 197
mushroom 0.006 123 105 225 187
eggplant 0.003 144 89 227 203
eggplant 0.003 0 113 61 227
eggplant 0.002 0 107 107 227
cucumber 0.006 0 123 164 227
mushroom 0.004 57 131 168 218
mushroom 0.005 83 114 207 227
cucumber 0.003 147 130 212 224
mushroom 0.004 145 116 227 227
cucumber 0.004 0 144 71 227
cucumber 0.003 0 155 108 227
cucumber 0.003 7 163 147 227
cucumber 0.003 72 144 157 227
mushroom 0.003 85 142 201 227
eggplant 0.004 131 152 227 227
cucumber 0.003 157 151 227 227