eggplant 0.006 0 0 67 96
cucumber 0.005 0 0 114 92
mushroom 0.007 26 0 138 75
cucumber 0.006 72 0 171 73
eggplant 0.008 79 0 204 62
mushroom 0.005 116 0 227 72
cucumber 0.007 150 0 227 51
mushroom 0.006 0 0 51 99
cucumber 0.005 0 0 113 102
cucumber 0.007 27 0 132 108
eggplant 0.006 44 0 182 115
cucumber 0.005 75 13 227 82
eggplant 0.006 130 4 219 95
mushroom 0.006 165 0 227 113
eggplant 0.010 0 9 81 156
eggplant 0.006 0 24 97 133
eggplant 0.006 37 23 121 139
eggplant 0.026 46 37 192 148
eggplant 0.024 102 20 197 143
eggplant 0.005 130 40 223 119
eggplant 0.007 146 36 227 129
cucumber 0.006 0 59 68 171
eggplant 0.035 26 46 91 191
eggplant 0.033 22 36 124 178
eggplant 0.121 14 68 184 182
eggplant 0.001 52 12 223 182
mushroom 0.015 152 39 203 210
eggplant 0.005 152 38 227 184
eggplant 0.006 0 87 68 201
eggplant 0.006 4 100 94 184
eggplant 0.553 0 67 194 199
eggplant 0.340 54 64 197 220
mushroom 0.037 79 70 186 198
mushroom 0.008 128 106 221 187
eggplant 0.005 154 78 227 210
eggplant 0.007 0 109 67 227
eggplant 0.007 0 119 113 227
eggplant 0.008 0 132 166 227
mushroom 0.007 54 117 176 227
mushroom 0.007 82 110 214 227
cucumber 0.005 145 134 210 218
eggplant 0.005 152 116 227 227
cucumber 0.007 0 127 70 227
cucumber 0.007 7 144 96 227
cucumber 0.005 2 158 154 227
mushroom 0.004 69 143 162 227
mushroom 0.005 78 156 210 227
eggplant 0.010 112 153 227 227
cucumber 0.006 153 159 227 227