eggplant 0.006 0 0 65 81
cucumber 0.005 4 0 101 80
cucumber 0.004 21 0 139 74
eggplant 0.007 71 0 160 76
eggplant 0.008 78 0 209 73
eggplant 0.005 125 0 225 69
cucumber 0.007 140 0 227 57
cucumber 0.007 0 0 61 101
mushroom 0.006 0 0 112 102
eggplant 0.007 34 0 129 115
mushroom 0.006 66 0 168 106
mushroom 0.006 81 0 216 104
cucumber 0.005 117 5 227 91
mushroom 0.005 149 0 227 102
eggplant 0.005 0 24 89 135
mushroom 0.005 0 19 103 141
eggplant 0.005 26 34 136 132
eggplant 0.056 34 34 216 151
eggplant 0.112 56 22 209 168
mushroom 0.005 130 16 227 141
eggplant 0.006 157 23 227 145
cucumber 0.007 0 49 67 177
eggplant 0.011 25 28 80 226
eggplant 0.007 24 43 120 168
eggplant 0.942 30 66 212 150
eggplant 0.016 58 31 224 199
mushroom 0.008 151 47 204 206
cucumber 0.004 162 56 227 170
mushroom 0.005 0 90 68 200
eggplant 0.006 0 88 113 208
eggplant 0.005 0 56 201 211
eggplant 0.010 45 67 196 193
mushroom 0.015 84 69 180 198
mushroom 0.006 125 102 221 191
eggplant 0.005 161 80 227 208
eggplant 0.006 0 124 89 227
mushroom 0.003 0 104 111 227
cucumber 0.008 0 121 160 227
mushroom 0.006 56 125 171 221
mushroom 0.006 91 116 196 227
cucumber 0.005 138 127 218 227
mushroom 0.006 159 112 227 227
cucumber 0.008 0 147 76 227
mushroom 0.005 0 155 105 227
cucumber 0.005 11 158 143 227
cucumber 0.004 72 150 156 227
mushroom 0.005 89 142 194 227
eggplant 0.004 140 153 223 227
cucumber 0.005 160 144 227 227