eggplant 0.005 0 0 75 79
cucumber 0.003 0 0 107 90
mushroom 0.005 10 0 145 69
eggplant 0.003 62 0 162 62
eggplant 0.005 70 0 214 72
cucumber 0.004 122 0 227 68
mushroom 0.006 153 0 227 86
cucumber 0.003 0 0 71 99
mushroom 0.004 0 0 116 100
cucumber 0.004 30 0 131 115
cucumber 0.003 58 0 158 104
mushroom 0.005 95 0 203 93
mushroom 0.003 123 0 227 120
mushroom 0.004 148 0 227 107
eggplant 0.005 0 23 82 139
eggplant 0.003 0 8 117 147
eggplant 0.005 19 26 137 138
eggplant 0.002 48 43 188 135
eggplant 0.079 58 33 205 158
mushroom 0.005 123 36 227 124
mushroom 0.005 166 19 227 142
cucumber 0.005 0 58 67 172
eggplant 0.008 22 24 85 227
eggplant 0.003 28 18 158 196
eggplant 0.240 77 27 162 210
mushroom 0.065 58 16 213 178
mushroom 0.009 155 52 196 197
eggplant 0.003 160 73 227 159
mushroom 0.004 0 78 75 207
eggplant 0.004 0 97 107 196
mushroom 0.007 0 58 200 206
mushroom 0.021 70 70 157 199
mushroom 0.021 78 65 186 202
cucumber 0.004 114 94 227 197
eggplant 0.004 163 82 227 198
mushroom 0.004 0 112 84 227
mushroom 0.004 0 111 103 227
eggplant 0.003 55 109 112 227
mushroom 0.005 54 120 173 227
mushroom 0.004 79 121 205 224
mushroom 0.004 146 104 213 227
cucumber 0.004 150 119 227 227
cucumber 0.005 0 137 66 227
mushroom 0.003 0 146 102 227
cucumber 0.004 37 163 121 227
mushroom 0.003 47 143 186 227
mushroom 0.004 84 155 209 227
eggplant 0.004 130 151 227 227
cucumber 0.004 149 143 227 227