eggplant 0.005 0 0 65 79
cucumber 0.003 2 0 104 81
cucumber 0.003 32 0 138 83
eggplant 0.004 68 0 154 74
eggplant 0.006 81 0 207 71
eggplant 0.004 125 0 225 72
cucumber 0.006 158 0 227 86
cucumber 0.003 0 2 55 99
mushroom 0.003 0 0 113 115
eggplant 0.006 35 0 127 115
mushroom 0.004 62 0 170 109
mushroom 0.004 80 7 220 97
eggplant 0.004 112 8 227 85
mushroom 0.003 147 0 227 107
eggplant 0.005 0 16 84 145
mushroom 0.004 0 17 105 137
eggplant 0.004 26 28 134 140
eggplant 0.036 19 41 186 150
eggplant 0.032 48 19 215 171
mushroom 0.003 130 20 227 140
eggplant 0.005 161 19 227 148
cucumber 0.005 0 56 68 174
eggplant 0.009 23 24 80 227
eggplant 0.003 27 42 122 167
eggplant 0.989 50 60 186 149
eggplant 0.001 48 16 227 178
mushroom 0.006 147 60 193 193
cucumber 0.002 160 51 227 174
mushroom 0.003 0 83 66 209
eggplant 0.004 0 89 113 205
eggplant 0.008 0 55 202 209
eggplant 0.006 65 62 179 199
mushroom 0.014 84 72 179 192
mushroom 0.006 121 105 227 186
eggplant 0.003 155 80 227 205
eggplant 0.004 0 113 64 227
mushroom 0.003 0 99 111 227
eggplant 0.004 0 120 164 227
mushroom 0.005 54 130 172 217
mushroom 0.004 79 111 207 227
cucumber 0.004 138 127 222 227
mushroom 0.004 153 115 227 227
cucumber 0.005 0 151 72 227
mushroom 0.004 0 159 108 227
cucumber 0.004 3 159 151 227
cucumber 0.003 76 145 153 227
mushroom 0.003 83 140 202 227
eggplant 0.004 137 154 222 227
cucumber 0.003 162 145 227 227