mushroom 0.003 0 0 68 90
cucumber 0.003 0 0 108 90
eggplant 0.003 39 0 130 81
eggplant 0.003 65 0 174 71
eggplant 0.004 83 0 207 76
mushroom 0.003 123 0 227 71
cucumber 0.005 165 0 227 79
cucumber 0.004 0 1 58 97
cucumber 0.002 0 0 108 112
eggplant 0.004 30 0 126 113
mushroom 0.003 59 0 156 101
mushroom 0.004 77 8 227 95
eggplant 0.003 124 9 223 88
mushroom 0.002 147 0 227 104
eggplant 0.004 0 16 90 145
cucumber 0.003 0 21 113 131
eggplant 0.003 33 27 127 138
eggplant 0.004 44 26 204 157
eggplant 0.020 48 24 216 166
mushroom 0.003 124 48 227 112
eggplant 0.003 157 27 227 141
cucumber 0.005 0 54 74 171
eggplant 0.009 18 56 102 186
eggplant 0.044 24 45 115 170
eggplant 0.984 20 70 184 170
eggplant 0.001 43 4 227 189
mushroom 0.006 143 54 199 199
cucumber 0.002 151 60 227 174
mushroom 0.003 0 80 64 205
eggplant 0.003 0 87 105 204
eggplant 0.013 0 54 201 211
eggplant 0.022 66 68 167 192
mushroom 0.011 77 75 185 190
mushroom 0.005 125 101 223 191
eggplant 0.002 146 89 227 200
eggplant 0.003 0 123 101 227
mushroom 0.003 0 110 104 227
cucumber 0.005 0 128 165 227
mushroom 0.004 42 117 185 227
mushroom 0.003 82 115 204 227
cucumber 0.003 148 138 213 216
eggplant 0.003 153 102 227 227
cucumber 0.004 0 126 75 227
cucumber 0.003 0 146 111 227
cucumber 0.003 4 159 148 227
mushroom 0.002 67 148 160 227
mushroom 0.003 92 142 190 227
eggplant 0.004 132 156 227 227
cucumber 0.003 161 150 227 227