mushroom 0.002 0 0 61 94
cucumber 0.001 0 0 122 98
mushroom 0.001 26 0 138 80
cucumber 0.001 74 0 154 71
eggplant 0.002 82 0 206 74
mushroom 0.002 125 0 222 81
cucumber 0.003 164 0 227 74
cucumber 0.002 0 2 61 92
mushroom 0.001 0 0 122 105
cucumber 0.004 26 0 133 128
mushroom 0.001 57 0 158 104
mushroom 0.001 69 9 227 97
eggplant 0.003 118 16 227 83
eggplant 0.001 170 0 227 102
eggplant 0.004 0 6 97 157
mushroom 0.002 2 0 96 152
eggplant 0.001 24 26 152 134
eggplant 0.006 48 56 178 136
eggplant 0.040 45 27 215 165
mushroom 0.002 136 18 227 144
mushroom 0.002 158 23 227 142
cucumber 0.002 0 72 70 159
eggplant 0.006 38 22 67 227
eggplant 0.006 31 45 120 170
eggplant 0.986 27 39 190 212
eggplant 0.015 39 28 227 165
mushroom 0.003 154 35 198 218
eggplant 0.001 172 71 227 162
eggplant 0.002 0 93 76 194
eggplant 0.001 0 98 105 193
eggplant 0.011 0 43 200 219
eggplant 0.003 58 75 179 188
mushroom 0.007 90 70 172 195
cucumber 0.002 124 92 222 195
eggplant 0.001 151 76 227 210
eggplant 0.002 0 110 66 227
cucumber 0.001 0 106 118 227
eggplant 0.002 0 122 166 227
eggplant 0.002 30 107 200 227
mushroom 0.002 75 100 211 227
eggplant 0.002 149 128 210 225
eggplant 0.002 156 110 227 227
cucumber 0.003 0 127 64 227
mushroom 0.002 0 141 106 227
cucumber 0.002 6 163 151 227
mushroom 0.001 85 150 144 227
mushroom 0.002 77 133 202 227
cucumber 0.002 127 164 227 227
cucumber 0.002 162 148 227 227