eggplant 0.006 0 0 63 86
cucumber 0.005 0 0 106 79
mushroom 0.007 31 0 137 81
eggplant 0.007 76 0 159 81
eggplant 0.009 85 0 204 69
eggplant 0.007 122 0 227 69
cucumber 0.009 142 0 227 62
cucumber 0.006 0 0 59 99
cucumber 0.006 0 0 112 105
eggplant 0.009 31 0 128 109
eggplant 0.006 54 0 170 112
cucumber 0.007 79 7 220 95
eggplant 0.007 121 6 227 89
mushroom 0.007 152 0 227 99
eggplant 0.009 0 17 82 147
mushroom 0.005 0 20 109 137
eggplant 0.005 20 28 135 135
eggplant 0.086 42 34 198 146
eggplant 0.046 47 20 217 168
mushroom 0.006 129 25 227 133
eggplant 0.007 161 18 227 147
cucumber 0.008 0 65 71 165
eggplant 0.021 19 52 97 184
eggplant 0.046 30 44 122 166
eggplant 0.931 17 39 196 195
eggplant 0.004 51 19 220 175
mushroom 0.014 151 50 202 202
cucumber 0.005 160 60 227 170
mushroom 0.006 0 85 63 202
cucumber 0.007 0 99 98 189
eggplant 0.037 0 61 199 203
eggplant 0.009 16 44 185 217
mushroom 0.044 81 66 185 203
mushroom 0.010 121 106 226 186
eggplant 0.007 156 81 227 206
eggplant 0.007 0 113 69 227
eggplant 0.005 0 108 106 227
cucumber 0.009 0 126 156 227
mushroom 0.007 49 111 176 227
mushroom 0.008 80 118 211 227
cucumber 0.006 129 114 227 227
mushroom 0.007 151 117 227 227
cucumber 0.009 0 151 75 227
cucumber 0.007 0 145 100 227
cucumber 0.007 7 166 146 227
cucumber 0.006 73 145 157 227
mushroom 0.006 80 157 204 227
eggplant 0.009 128 152 227 227
cucumber 0.008 155 154 227 227