eggplant 0.006 0 0 75 89
cucumber 0.006 0 0 128 72
mushroom 0.005 36 0 129 88
eggplant 0.005 67 0 167 70
eggplant 0.007 80 0 204 63
cucumber 0.004 124 0 227 74
cucumber 0.008 150 0 227 57
cucumber 0.006 0 0 66 109
cucumber 0.005 0 0 113 95
cucumber 0.005 0 0 165 106
eggplant 0.005 54 0 163 104
cucumber 0.005 83 4 221 90
eggplant 0.006 130 0 227 110
mushroom 0.004 160 0 227 98
eggplant 0.007 0 16 81 147
eggplant 0.005 1 8 85 147
eggplant 0.006 5 32 147 133
eggplant 0.006 43 26 200 150
eggplant 0.062 56 30 210 160
cucumber 0.006 125 48 227 107
eggplant 0.005 139 29 227 129
cucumber 0.007 0 49 68 170
eggplant 0.022 14 52 103 183
eggplant 0.191 28 18 161 193
eggplant 0.034 30 55 173 199
eggplant 0.013 51 23 216 180
mushroom 0.014 143 45 202 208
cucumber 0.004 152 38 227 189
cucumber 0.005 0 92 67 194
eggplant 0.006 0 94 106 200
mushroom 0.056 0 72 196 196
eggplant 0.926 15 49 184 219
mushroom 0.035 66 85 198 185
mushroom 0.005 126 98 222 200
eggplant 0.004 162 82 227 211
eggplant 0.007 0 118 79 227
mushroom 0.007 0 114 107 227
cucumber 0.007 0 126 163 227
mushroom 0.008 53 129 174 221
mushroom 0.007 88 103 205 227
cucumber 0.006 123 109 224 227
cucumber 0.006 153 105 227 227
cucumber 0.006 0 140 69 227
cucumber 0.005 5 142 99 227
cucumber 0.005 10 152 141 227
mushroom 0.003 47 137 190 227
mushroom 0.006 79 158 211 227
eggplant 0.009 116 163 227 227
cucumber 0.007 161 152 227 227