cucumber 0.004 0 0 76 88
cucumber 0.004 0 0 124 79
cucumber 0.004 36 0 132 88
eggplant 0.005 64 0 172 71
eggplant 0.005 71 0 211 66
cucumber 0.004 127 0 222 77
cucumber 0.006 158 0 227 60
cucumber 0.005 0 0 64 105
mushroom 0.004 0 0 119 97
mushroom 0.004 23 0 134 116
mushroom 0.004 56 0 161 109
mushroom 0.004 81 1 215 100
cucumber 0.005 129 0 227 108
eggplant 0.003 167 0 227 104
eggplant 0.005 0 16 92 144
eggplant 0.004 0 17 109 143
eggplant 0.006 33 26 125 137
eggplant 0.002 39 27 208 154
eggplant 0.076 60 27 205 163
cucumber 0.004 124 50 227 110
eggplant 0.005 157 26 227 144
cucumber 0.005 0 44 68 180
eggplant 0.012 23 50 95 188
eggplant 0.020 20 35 117 178
eggplant 0.132 59 83 165 166
eggplant 0.005 39 37 227 199
mushroom 0.008 152 36 197 214
mushroom 0.003 148 53 227 180
eggplant 0.004 0 95 76 191
eggplant 0.006 0 90 99 205
eggplant 0.019 0 68 197 201
eggplant 0.801 57 90 173 174
mushroom 0.018 69 79 193 187
mushroom 0.004 129 98 224 200
eggplant 0.003 167 87 227 201
eggplant 0.005 0 114 74 227
mushroom 0.005 0 114 107 227
cucumber 0.004 0 126 163 227
mushroom 0.007 53 125 179 227
cucumber 0.004 89 105 203 227
cucumber 0.005 134 134 225 219
cucumber 0.004 156 107 227 227
cucumber 0.005 0 138 71 227
mushroom 0.004 8 147 94 227
cucumber 0.004 16 153 141 227
mushroom 0.003 53 149 175 227
mushroom 0.004 79 160 216 227
eggplant 0.005 115 167 227 227
cucumber 0.005 157 144 227 227