eggplant 0.002 0 0 84 77
cucumber 0.001 0 0 110 77
mushroom 0.002 19 0 144 70
eggplant 0.001 67 0 171 71
eggplant 0.002 64 0 219 82
cucumber 0.002 130 0 225 84
cucumber 0.002 145 0 227 62
cucumber 0.002 0 0 74 119
cucumber 0.002 0 0 101 103
cucumber 0.002 26 0 132 108
eggplant 0.002 62 0 160 107
cucumber 0.002 73 2 225 95
eggplant 0.002 134 0 227 105
mushroom 0.002 157 0 227 104
eggplant 0.002 0 14 87 155
cucumber 0.001 0 15 97 141
eggplant 0.002 36 23 112 143
mushroom 0.002 34 31 199 144
eggplant 0.007 102 26 196 143
cucumber 0.002 125 50 227 111
eggplant 0.001 173 18 227 144
cucumber 0.002 0 62 58 165
eggplant 0.026 30 33 91 199
eggplant 0.052 25 37 108 172
mushroom 0.019 8 50 193 195
cucumber 0.000 54 1 217 192
mushroom 0.006 163 39 187 213
eggplant 0.002 141 38 227 185
eggplant 0.002 0 81 64 202
eggplant 0.002 0 93 99 200
mushroom 0.119 23 61 131 200
cucumber 0.082 33 94 204 216
mushroom 0.016 84 68 179 196
cucumber 0.001 124 103 222 188
eggplant 0.001 167 79 227 214
eggplant 0.002 0 113 76 227
cucumber 0.002 0 125 101 227
eggplant 0.002 8 129 154 225
mushroom 0.002 61 121 171 227
cucumber 0.002 99 95 203 227
eggplant 0.002 117 110 227 227
cucumber 0.001 147 106 227 227
cucumber 0.002 0 134 80 227
cucumber 0.002 3 149 98 227
cucumber 0.001 28 170 133 227
mushroom 0.002 57 147 173 227
mushroom 0.002 78 161 212 227
eggplant 0.003 106 166 227 227
cucumber 0.001 150 154 227 227