eggplant 0.004 0 0 63 78
cucumber 0.003 3 0 103 75
mushroom 0.003 30 0 137 74
eggplant 0.003 68 0 165 78
eggplant 0.005 82 0 206 72
cucumber 0.004 121 0 227 77
cucumber 0.004 139 0 227 54
cucumber 0.002 0 5 52 95
cucumber 0.003 0 0 109 112
eggplant 0.004 32 0 128 112
eggplant 0.004 63 0 162 105
mushroom 0.003 76 9 225 94
eggplant 0.003 116 13 227 79
mushroom 0.003 153 0 227 99
eggplant 0.004 0 14 77 148
mushroom 0.003 0 19 115 136
eggplant 0.002 22 26 130 143
eggplant 0.211 15 41 188 149
eggplant 0.013 49 12 215 178
eggplant 0.002 132 24 227 132
eggplant 0.003 169 16 227 147
cucumber 0.004 0 67 61 166
eggplant 0.009 25 47 94 192
eggplant 0.010 26 41 117 169
eggplant 0.946 24 44 193 155
eggplant 0.000 51 12 225 182
mushroom 0.007 150 61 190 192
cucumber 0.003 158 59 227 171
eggplant 0.003 0 80 63 211
eggplant 0.003 5 98 90 191
eggplant 0.012 0 60 204 202
eggplant 0.000 65 53 183 212
mushroom 0.014 86 60 178 204
mushroom 0.005 125 107 223 184
eggplant 0.003 154 77 227 210
mushroom 0.003 0 111 62 227
mushroom 0.002 0 104 101 227
eggplant 0.004 0 119 160 227
mushroom 0.003 52 130 174 218
mushroom 0.004 78 111 210 227
mushroom 0.003 144 129 214 224
mushroom 0.003 140 125 227 227
cucumber 0.004 0 146 66 227
mushroom 0.003 0 158 105 227
eggplant 0.003 4 165 147 227
cucumber 0.003 70 143 159 227
mushroom 0.003 78 137 209 227
eggplant 0.004 131 153 227 227
cucumber 0.003 153 153 227 227