cucumber 0.007 0 0 89 79
cucumber 0.008 0 0 118 80
cucumber 0.007 36 0 133 81
eggplant 0.008 66 0 164 74
eggplant 0.011 77 0 205 65
mushroom 0.006 123 0 227 72
cucumber 0.011 169 0 227 74
cucumber 0.008 0 0 64 105
cucumber 0.007 0 0 117 95
mushroom 0.007 28 0 130 113
eggplant 0.007 54 0 163 106
mushroom 0.006 82 8 214 91
eggplant 0.009 127 0 227 106
mushroom 0.008 165 0 227 104
eggplant 0.010 0 12 89 147
eggplant 0.007 0 14 104 145
eggplant 0.011 31 25 131 138
eggplant 0.004 48 38 197 144
eggplant 0.066 62 28 206 159
mushroom 0.008 128 49 227 110
eggplant 0.009 149 40 227 128
cucumber 0.008 0 47 70 178
eggplant 0.021 20 50 96 185
eggplant 0.008 18 40 129 172
eggplant 0.193 53 70 167 180
eggplant 0.011 52 35 219 192
mushroom 0.015 139 54 206 196
mushroom 0.006 147 55 227 176
eggplant 0.008 0 77 72 212
eggplant 0.009 0 87 103 205
eggplant 0.059 0 70 191 202
eggplant 0.886 64 78 171 188
mushroom 0.032 68 78 197 190
mushroom 0.009 122 96 227 201
eggplant 0.006 167 82 227 205
eggplant 0.009 0 116 73 227
mushroom 0.008 0 112 112 227
eggplant 0.008 2 124 159 227
mushroom 0.012 54 126 178 227
mushroom 0.008 87 113 208 227
cucumber 0.010 134 136 223 219
eggplant 0.008 172 123 227 227
cucumber 0.010 0 138 69 227
mushroom 0.006 9 145 95 227
cucumber 0.007 36 160 119 227
mushroom 0.005 57 146 173 227
mushroom 0.008 79 156 214 227
eggplant 0.009 122 151 227 227
cucumber 0.009 160 146 227 227