eggplant 0.004 0 0 64 82
cucumber 0.004 1 0 104 78
mushroom 0.003 33 0 135 71
eggplant 0.003 65 0 157 69
eggplant 0.004 86 0 204 76
mushroom 0.003 127 0 227 77
cucumber 0.004 141 0 227 58
cucumber 0.003 0 4 50 96
cucumber 0.003 0 0 114 117
eggplant 0.004 30 0 128 112
mushroom 0.003 62 3 159 93
mushroom 0.003 77 8 225 96
eggplant 0.003 116 10 227 84
mushroom 0.003 147 4 227 94
eggplant 0.003 0 18 79 146
cucumber 0.003 0 23 112 131
eggplant 0.002 23 25 130 142
eggplant 0.058 16 40 189 151
eggplant 0.010 96 15 196 144
eggplant 0.002 130 24 227 130
eggplant 0.003 164 17 227 144
cucumber 0.004 0 64 60 168
eggplant 0.010 21 51 99 190
eggplant 0.013 26 43 114 168
eggplant 0.902 19 56 192 152
eggplant 0.000 49 6 227 187
mushroom 0.006 150 63 190 190
cucumber 0.003 160 50 227 180
mushroom 0.003 0 78 61 210
eggplant 0.003 0 92 110 202
eggplant 0.010 0 56 205 205
eggplant 0.000 59 56 187 207
mushroom 0.011 85 65 178 199
mushroom 0.004 122 105 225 185
eggplant 0.003 142 90 227 204
mushroom 0.003 0 126 96 227
mushroom 0.002 0 106 103 227
cucumber 0.004 0 122 160 227
mushroom 0.003 53 132 172 217
mushroom 0.004 85 114 203 227
mushroom 0.003 147 128 213 226
mushroom 0.003 147 123 227 227
cucumber 0.003 0 142 66 227
cucumber 0.003 3 145 89 227
eggplant 0.002 7 164 148 227
mushroom 0.003 69 146 160 227
mushroom 0.003 82 140 207 227
eggplant 0.004 132 150 227 227
cucumber 0.002 156 153 227 227