eggplant 0.010 0 0 68 73
cucumber 0.009 3 0 99 78
cucumber 0.007 25 0 142 82
eggplant 0.014 67 0 163 78
eggplant 0.014 75 0 211 68
eggplant 0.010 130 0 225 76
mushroom 0.013 139 0 227 63
cucumber 0.011 0 0 63 110
cucumber 0.010 0 0 109 104
eggplant 0.012 34 0 129 112
mushroom 0.009 68 0 164 100
mushroom 0.008 79 4 217 95
eggplant 0.009 122 4 227 90
mushroom 0.007 158 0 227 99
eggplant 0.007 0 21 79 137
cucumber 0.009 0 21 111 141
eggplant 0.007 20 36 136 128
eggplant 0.697 33 28 213 152
eggplant 0.174 57 16 210 173
eggplant 0.009 136 17 225 137
eggplant 0.010 152 31 227 134
cucumber 0.012 0 56 61 170
eggplant 0.014 13 53 101 184
eggplant 0.036 22 42 124 170
eggplant 0.435 16 40 203 172
eggplant 0.041 65 19 225 194
mushroom 0.022 152 51 192 198
cucumber 0.009 160 64 227 163
eggplant 0.010 0 63 73 223
cucumber 0.009 0 97 112 201
mushroom 0.015 0 67 200 199
eggplant 0.004 16 42 192 218
mushroom 0.025 85 61 181 207
mushroom 0.009 124 102 223 194
eggplant 0.010 148 79 227 211
eggplant 0.009 0 115 65 227
eggplant 0.006 0 105 106 227
cucumber 0.013 0 122 159 227
mushroom 0.007 58 121 169 227
mushroom 0.009 88 110 208 227
cucumber 0.007 142 127 213 227
cucumber 0.009 151 116 227 227
cucumber 0.013 0 146 70 227
mushroom 0.010 0 145 105 227
cucumber 0.008 20 165 143 227
eggplant 0.008 51 136 180 227
mushroom 0.008 82 142 201 227
eggplant 0.010 139 151 225 227
cucumber 0.010 157 150 227 227