mushroom 0.004 0 0 71 89
mushroom 0.002 0 0 118 86
mushroom 0.003 33 0 131 79
eggplant 0.002 66 0 162 60
eggplant 0.003 78 0 207 66
cucumber 0.003 126 0 227 73
cucumber 0.004 159 0 227 83
cucumber 0.003 0 0 56 100
cucumber 0.002 0 0 119 99
cucumber 0.002 26 0 130 110
eggplant 0.002 57 0 159 104
mushroom 0.003 81 9 224 92
eggplant 0.003 130 0 227 116
mushroom 0.002 155 0 227 103
eggplant 0.004 0 11 78 151
eggplant 0.002 0 14 115 139
eggplant 0.003 33 23 126 141
eggplant 0.003 52 28 192 153
eggplant 0.023 49 22 213 169
mushroom 0.002 130 50 227 109
eggplant 0.003 169 22 227 143
cucumber 0.004 0 59 68 167
eggplant 0.010 21 53 100 188
eggplant 0.068 21 16 169 195
eggplant 0.887 63 33 144 209
eggplant 0.001 50 9 226 185
mushroom 0.007 150 48 193 206
cucumber 0.002 155 54 227 177
eggplant 0.003 0 77 72 207
eggplant 0.002 1 102 94 184
mushroom 0.036 0 61 203 202
eggplant 0.037 67 58 172 209
mushroom 0.013 75 69 188 195
mushroom 0.003 120 99 227 192
eggplant 0.002 150 82 227 201
eggplant 0.003 0 118 78 227
mushroom 0.003 0 111 102 227
eggplant 0.003 0 124 163 227
mushroom 0.004 55 121 172 227
mushroom 0.003 87 106 209 227
cucumber 0.003 136 107 219 227
eggplant 0.003 144 108 227 227
cucumber 0.003 0 126 70 227
cucumber 0.003 6 146 93 227
cucumber 0.003 5 155 149 227
mushroom 0.002 64 139 166 227
mushroom 0.003 85 157 206 227
eggplant 0.004 123 155 227 227
cucumber 0.003 150 148 227 227