eggplant 0.006 0 0 53 78
cucumber 0.002 0 0 118 70
cucumber 0.004 29 0 139 82
eggplant 0.004 60 0 160 63
eggplant 0.006 73 0 212 69
cucumber 0.004 124 0 227 71
mushroom 0.005 148 0 227 82
cucumber 0.004 0 0 72 98
mushroom 0.003 0 0 120 103
cucumber 0.005 31 0 133 121
cucumber 0.004 56 0 173 112
cucumber 0.003 90 0 205 96
eggplant 0.004 122 0 227 96
mushroom 0.004 144 0 227 110
eggplant 0.006 0 24 87 140
mushroom 0.003 0 11 107 144
eggplant 0.004 28 23 133 144
eggplant 0.008 21 53 185 135
eggplant 0.040 54 23 209 168
mushroom 0.004 125 37 227 124
eggplant 0.005 171 18 227 144
cucumber 0.004 0 48 65 179
eggplant 0.011 23 26 81 227
eggplant 0.001 28 27 158 179
eggplant 0.876 47 49 205 196
eggplant 0.002 57 21 219 173
mushroom 0.009 155 48 200 203
mushroom 0.003 163 74 227 160
mushroom 0.005 0 77 69 214
eggplant 0.005 0 102 101 184
eggplant 0.015 0 55 202 209
mushroom 0.016 63 69 188 208
mushroom 0.023 87 65 176 201
mushroom 0.005 117 103 227 187
eggplant 0.003 164 79 227 204
eggplant 0.005 0 111 74 227
mushroom 0.004 0 108 112 227
eggplant 0.004 52 109 112 227
mushroom 0.005 40 130 187 224
mushroom 0.005 75 121 207 225
cucumber 0.004 132 120 226 227
mushroom 0.005 147 122 227 227
cucumber 0.006 0 128 66 227
mushroom 0.004 3 166 99 227
cucumber 0.006 9 169 150 227
cucumber 0.004 44 143 187 227
mushroom 0.004 84 157 204 227
eggplant 0.005 129 152 227 227
cucumber 0.004 161 146 227 227