cucumber 0.006 0 0 83 72
cucumber 0.006 0 0 114 69
cucumber 0.006 20 0 141 79
eggplant 0.008 69 0 166 69
eggplant 0.008 77 0 202 69
mushroom 0.004 117 0 227 70
cucumber 0.009 164 0 227 72
cucumber 0.008 0 0 62 101
cucumber 0.005 0 0 113 98
mushroom 0.007 30 0 132 114
mushroom 0.008 47 0 187 106
cucumber 0.006 82 6 215 94
eggplant 0.007 128 0 221 107
mushroom 0.007 169 0 227 107
eggplant 0.010 0 18 92 144
eggplant 0.005 0 12 101 149
eggplant 0.008 34 28 129 134
eggplant 0.003 50 45 193 139
eggplant 0.043 58 30 207 157
mushroom 0.006 128 49 226 112
eggplant 0.008 150 49 227 122
mushroom 0.005 0 42 75 181
eggplant 0.019 23 47 92 188
eggplant 0.003 26 39 127 169
eggplant 0.067 30 79 204 178
eggplant 0.019 55 44 221 197
mushroom 0.014 153 44 200 203
mushroom 0.004 152 50 227 173
eggplant 0.006 0 98 72 188
eggplant 0.007 0 86 97 206
eggplant 0.093 0 70 194 202
eggplant 0.811 43 91 206 188
mushroom 0.039 74 78 191 192
mushroom 0.007 129 96 218 201
eggplant 0.006 168 81 227 210
eggplant 0.007 0 114 70 227
mushroom 0.006 0 117 114 227
eggplant 0.006 50 108 117 227
mushroom 0.011 55 138 178 218
mushroom 0.006 82 113 213 227
cucumber 0.008 131 134 225 220
cucumber 0.006 171 122 227 227
cucumber 0.009 0 166 82 227
mushroom 0.007 5 147 96 227
cucumber 0.007 9 153 149 227
mushroom 0.004 52 131 183 227
eggplant 0.008 77 156 213 227
eggplant 0.007 121 148 227 227
cucumber 0.006 163 147 227 227