eggplant 0.015 0 0 79 86
cucumber 0.015 1 0 100 73
cucumber 0.012 28 0 134 79
eggplant 0.020 62 0 169 76
eggplant 0.020 74 0 211 72
cucumber 0.014 118 0 227 68
mushroom 0.021 137 0 227 69
cucumber 0.016 0 0 65 116
cucumber 0.017 0 0 104 101
eggplant 0.019 32 0 132 109
eggplant 0.014 69 3 162 97
mushroom 0.013 82 0 214 101
cucumber 0.014 122 0 227 96
mushroom 0.012 154 0 227 100
eggplant 0.014 0 28 69 132
cucumber 0.016 0 20 114 143
eggplant 0.011 15 34 140 132
eggplant 0.706 57 35 176 153
eggplant 0.173 64 19 204 169
cucumber 0.014 139 19 221 136
mushroom 0.014 155 23 227 138
cucumber 0.019 0 60 57 169
eggplant 0.019 12 37 90 214
eggplant 0.084 16 40 127 176
eggplant 0.136 26 37 192 182
eggplant 0.139 84 24 216 188
mushroom 0.034 150 49 197 198
cucumber 0.016 163 60 227 167
eggplant 0.018 0 92 76 197
cucumber 0.014 0 100 114 196
mushroom 0.027 5 98 144 176
mushroom 0.004 25 49 185 213
mushroom 0.047 85 64 185 206
cucumber 0.013 121 97 227 197
eggplant 0.014 148 84 227 209
eggplant 0.014 0 112 72 227
eggplant 0.011 0 124 110 227
cucumber 0.016 5 122 155 227
mushroom 0.012 45 110 176 227
mushroom 0.014 88 107 206 227
cucumber 0.014 126 111 227 227
cucumber 0.018 144 111 227 227
cucumber 0.021 0 144 73 227
mushroom 0.015 0 146 109 227
eggplant 0.010 16 154 137 227
eggplant 0.013 56 142 177 227
mushroom 0.013 69 154 222 227
mushroom 0.014 133 153 227 227
cucumber 0.015 153 150 227 227