cucumber 0.004 0 0 85 87
cucumber 0.004 0 0 119 64
cucumber 0.003 21 0 141 85
eggplant 0.005 74 0 159 71
eggplant 0.004 89 0 204 77
mushroom 0.002 122 0 227 68
cucumber 0.006 152 0 227 64
cucumber 0.006 0 0 65 110
mushroom 0.004 0 0 111 94
eggplant 0.004 5 0 158 109
mushroom 0.004 53 0 184 109
cucumber 0.004 87 0 208 100
eggplant 0.004 131 3 218 100
mushroom 0.003 165 0 227 100
mushroom 0.005 0 24 88 136
eggplant 0.003 0 10 88 145
eggplant 0.004 31 35 132 124
eggplant 0.012 31 34 217 146
eggplant 0.075 60 29 207 161
cucumber 0.005 120 48 227 111
eggplant 0.004 143 41 227 128
cucumber 0.004 0 40 72 181
eggplant 0.011 21 47 96 186
eggplant 0.011 21 43 125 165
eggplant 0.031 9 55 214 200
eggplant 0.157 46 37 221 195
mushroom 0.009 153 50 198 201
cucumber 0.003 155 51 227 175
eggplant 0.004 0 96 72 191
eggplant 0.005 0 91 100 203
eggplant 0.018 0 65 200 204
eggplant 0.807 11 49 212 213
mushroom 0.016 72 73 191 196
mushroom 0.003 125 97 220 201
eggplant 0.004 169 81 227 212
eggplant 0.005 0 116 71 227
mushroom 0.004 0 109 107 227
cucumber 0.004 1 121 157 227
mushroom 0.006 46 124 181 227
mushroom 0.003 84 107 209 227
cucumber 0.005 135 134 219 219
cucumber 0.004 170 123 227 227
cucumber 0.005 0 161 83 227
mushroom 0.004 1 145 101 227
cucumber 0.003 15 149 137 227
mushroom 0.003 57 137 180 227
eggplant 0.004 75 164 215 227
eggplant 0.004 126 154 227 227
cucumber 0.005 165 147 227 227