eggplant 0.004 0 0 70 93
cucumber 0.005 0 0 123 73
cucumber 0.004 16 0 149 79
eggplant 0.004 71 0 170 71
eggplant 0.005 74 0 206 67
mushroom 0.003 125 0 227 75
cucumber 0.007 151 0 227 55
cucumber 0.004 0 0 63 106
cucumber 0.004 0 0 110 101
mushroom 0.005 29 0 131 108
eggplant 0.005 43 0 190 106
cucumber 0.004 79 10 223 87
eggplant 0.006 135 0 214 100
mushroom 0.004 169 0 227 106
eggplant 0.006 0 15 89 148
eggplant 0.004 0 20 104 140
eggplant 0.005 37 29 123 134
eggplant 0.003 41 37 202 146
eggplant 0.022 104 18 192 149
eggplant 0.005 128 48 226 110
eggplant 0.006 144 43 227 125
cucumber 0.004 0 50 67 175
eggplant 0.023 24 45 95 189
eggplant 0.012 23 35 119 176
eggplant 0.024 22 88 185 168
eggplant 0.003 51 9 222 185
mushroom 0.011 141 55 203 197
mushroom 0.003 149 53 227 175
cucumber 0.004 0 94 71 193
eggplant 0.005 0 86 98 203
eggplant 0.216 0 72 196 197
eggplant 0.927 45 88 198 192
mushroom 0.026 71 81 193 186
mushroom 0.006 134 102 214 196
eggplant 0.004 167 80 227 211
eggplant 0.005 0 112 68 227
mushroom 0.005 0 118 115 227
eggplant 0.005 0 130 164 227
mushroom 0.007 55 124 175 227
mushroom 0.005 86 108 210 227
cucumber 0.005 139 140 217 212
cucumber 0.004 167 118 227 227
cucumber 0.006 0 134 69 227
cucumber 0.005 7 140 95 227
cucumber 0.004 9 158 149 227
mushroom 0.002 56 146 175 227
mushroom 0.005 76 157 216 227
eggplant 0.008 112 157 227 227
cucumber 0.005 165 147 227 227