eggplant 0.006 0 0 67 78
cucumber 0.004 0 0 105 76
mushroom 0.004 29 0 139 75
eggplant 0.004 70 0 164 78
eggplant 0.006 81 0 207 72
eggplant 0.005 124 0 227 75
cucumber 0.006 137 0 227 60
cucumber 0.004 0 0 58 102
cucumber 0.004 0 0 111 114
eggplant 0.006 32 0 131 110
mushroom 0.005 63 0 164 103
mushroom 0.005 78 5 223 98
eggplant 0.004 120 6 227 86
mushroom 0.004 152 0 227 97
eggplant 0.005 0 24 80 140
mushroom 0.005 0 19 115 136
eggplant 0.003 24 30 132 136
eggplant 0.215 33 42 183 149
eggplant 0.037 47 15 217 175
mushroom 0.003 134 21 223 136
eggplant 0.004 161 20 227 146
cucumber 0.006 0 60 65 171
eggplant 0.011 16 54 103 185
eggplant 0.021 26 40 118 170
eggplant 0.953 19 42 203 167
eggplant 0.004 53 16 221 177
mushroom 0.009 150 58 191 195
cucumber 0.004 164 68 227 163
mushroom 0.004 0 81 64 208
cucumber 0.004 0 95 113 202
eggplant 0.006 0 57 204 206
eggplant 0.001 10 42 192 217
mushroom 0.017 86 63 177 203
mushroom 0.005 126 105 221 186
eggplant 0.004 145 88 227 204
eggplant 0.005 0 118 65 227
eggplant 0.003 0 105 105 227
cucumber 0.005 0 122 162 227
mushroom 0.004 57 125 168 221
mushroom 0.005 93 117 199 227
cucumber 0.003 129 113 227 227
mushroom 0.005 151 117 227 227
cucumber 0.006 0 142 71 227
mushroom 0.005 0 159 105 227
cucumber 0.004 6 164 147 227
cucumber 0.005 71 148 156 227
mushroom 0.004 80 145 205 227
eggplant 0.004 137 155 225 227
cucumber 0.004 160 152 227 227