eggplant 0.003 0 0 59 97
cucumber 0.002 0 0 118 93
mushroom 0.002 26 0 134 82
eggplant 0.002 68 0 173 66
eggplant 0.004 71 0 215 74
mushroom 0.003 115 0 227 70
cucumber 0.005 149 0 227 76
cucumber 0.003 0 10 58 91
mushroom 0.002 0 0 114 107
cucumber 0.005 22 0 133 116
eggplant 0.002 61 0 161 109
mushroom 0.003 73 12 227 97
eggplant 0.003 130 14 217 90
eggplant 0.003 154 0 227 100
eggplant 0.004 0 24 72 137
mushroom 0.002 0 10 112 140
mushroom 0.002 22 17 128 142
eggplant 0.005 48 39 177 149
eggplant 0.027 46 30 215 160
mushroom 0.002 127 15 227 139
mushroom 0.003 163 28 227 137
cucumber 0.002 0 52 81 183
eggplant 0.008 27 48 92 198
eggplant 0.020 34 43 125 166
eggplant 0.987 0 25 210 224
eggplant 0.033 53 30 227 179
mushroom 0.005 160 40 190 213
eggplant 0.002 164 64 227 166
eggplant 0.003 0 80 65 204
cucumber 0.002 0 98 107 193
eggplant 0.014 0 53 202 210
eggplant 0.000 42 73 202 192
mushroom 0.016 94 63 169 207
mushroom 0.003 125 90 216 198
eggplant 0.002 149 74 227 210
eggplant 0.003 0 110 70 227
cucumber 0.002 2 103 109 227
eggplant 0.003 0 128 159 227
eggplant 0.003 39 103 191 227
mushroom 0.003 84 121 208 227
eggplant 0.002 146 107 221 227
eggplant 0.002 165 112 227 227
cucumber 0.004 0 136 64 227
cucumber 0.003 5 138 98 227
cucumber 0.003 5 168 150 227
cucumber 0.002 81 158 150 227
mushroom 0.002 80 142 207 227
eggplant 0.002 123 153 227 227
cucumber 0.003 160 146 227 227