eggplant 0.005 0 0 71 84
cucumber 0.004 0 0 105 85
mushroom 0.005 31 0 136 80
eggplant 0.004 70 0 168 76
eggplant 0.005 82 0 206 70
mushroom 0.004 123 0 227 75
cucumber 0.006 146 0 227 57
cucumber 0.005 0 0 59 106
cucumber 0.004 0 0 108 112
eggplant 0.005 30 0 129 109
eggplant 0.004 58 0 163 96
mushroom 0.005 78 10 225 93
eggplant 0.004 123 5 227 88
mushroom 0.004 145 0 227 100
eggplant 0.005 0 17 79 146
cucumber 0.004 0 24 116 131
eggplant 0.003 15 32 135 133
eggplant 0.108 33 35 181 155
eggplant 0.023 49 14 215 174
mushroom 0.003 131 27 227 126
eggplant 0.004 164 20 227 142
cucumber 0.007 0 64 64 166
eggplant 0.014 15 51 104 189
eggplant 0.079 21 45 118 168
eggplant 0.913 5 45 195 181
eggplant 0.002 49 11 223 183
mushroom 0.011 149 53 193 199
cucumber 0.004 163 52 227 178
eggplant 0.004 0 79 62 207
cucumber 0.004 0 96 113 198
mushroom 0.014 0 61 203 202
eggplant 0.001 7 36 193 224
mushroom 0.018 80 66 184 200
mushroom 0.005 122 106 227 187
eggplant 0.004 149 86 227 205
eggplant 0.003 0 113 69 227
eggplant 0.003 0 112 103 227
cucumber 0.007 0 127 159 227
mushroom 0.005 45 106 177 227
mushroom 0.005 91 120 201 227
cucumber 0.003 130 111 227 227
cucumber 0.004 151 116 227 227
cucumber 0.005 0 139 69 227
cucumber 0.004 0 152 108 227
cucumber 0.003 7 159 142 227
mushroom 0.004 66 148 161 227
mushroom 0.004 86 143 199 227
eggplant 0.005 127 159 227 227
cucumber 0.005 155 157 227 227