eggplant 0.001 0 0 64 80
cucumber 0.001 5 0 102 74
mushroom 0.001 32 0 136 74
eggplant 0.001 68 0 169 75
eggplant 0.001 78 0 211 73
mushroom 0.001 117 0 227 71
mushroom 0.001 131 0 227 58
cucumber 0.001 0 0 54 107
cucumber 0.001 0 0 116 114
eggplant 0.001 37 0 128 114
mushroom 0.001 64 2 162 102
mushroom 0.001 74 10 225 98
eggplant 0.001 120 8 227 83
mushroom 0.001 149 0 227 99
eggplant 0.001 0 33 74 129
cucumber 0.001 0 18 118 135
eggplant 0.001 20 35 130 133
eggplant 0.135 28 37 195 156
eggplant 0.013 44 13 217 179
mushroom 0.001 135 22 220 132
mushroom 0.001 165 22 227 142
cucumber 0.002 0 67 54 165
eggplant 0.003 29 47 95 194
eggplant 0.019 28 32 108 174
eggplant 0.862 13 20 211 176
eggplant 0.001 41 8 227 186
mushroom 0.003 157 55 180 200
cucumber 0.001 171 56 227 172
mushroom 0.001 0 74 64 212
cucumber 0.001 6 108 89 183
mushroom 0.002 0 57 208 204
mushroom 0.000 6 33 192 226
mushroom 0.005 87 55 175 207
cucumber 0.001 124 107 222 183
eggplant 0.001 146 87 227 207
cucumber 0.001 0 125 109 227
cucumber 0.001 0 108 107 227
cucumber 0.001 0 120 164 227
mushroom 0.001 47 130 176 217
mushroom 0.001 99 114 195 227
cucumber 0.001 138 110 227 227
mushroom 0.001 137 106 227 227
cucumber 0.001 0 135 66 227
mushroom 0.001 0 139 98 227
cucumber 0.001 20 171 137 227
cucumber 0.001 73 151 157 227
mushroom 0.001 74 131 213 227
eggplant 0.001 142 154 221 227
cucumber 0.001 157 148 227 227