eggplant 0.008 0 0 69 75
cucumber 0.007 1 0 102 80
mushroom 0.004 30 0 138 81
eggplant 0.007 65 0 167 73
eggplant 0.007 81 0 207 71
eggplant 0.005 123 0 227 78
cucumber 0.009 132 0 227 63
cucumber 0.005 0 0 60 104
cucumber 0.007 0 0 108 104
eggplant 0.007 34 0 129 113
mushroom 0.006 70 0 158 105
mushroom 0.006 73 6 224 95
eggplant 0.006 120 11 227 83
mushroom 0.005 154 0 227 103
eggplant 0.005 0 19 79 141
cucumber 0.006 0 21 110 138
eggplant 0.003 20 32 133 134
eggplant 0.838 27 36 188 155
eggplant 0.040 52 14 212 175
eggplant 0.004 138 17 221 138
cucumber 0.006 165 20 227 145
cucumber 0.008 0 65 56 166
eggplant 0.010 22 29 83 226
eggplant 0.036 23 37 122 174
eggplant 0.687 28 36 198 163
eggplant 0.008 55 29 218 165
mushroom 0.014 153 53 188 197
cucumber 0.005 164 59 227 170
mushroom 0.006 0 85 70 206
cucumber 0.004 7 102 89 187
mushroom 0.010 0 66 203 196
mushroom 0.000 11 42 190 217
mushroom 0.019 87 60 179 205
cucumber 0.007 125 106 224 187
eggplant 0.006 150 85 227 208
eggplant 0.006 0 114 62 227
eggplant 0.003 0 108 107 227
cucumber 0.007 0 115 163 227
mushroom 0.004 57 128 168 223
mushroom 0.005 90 111 202 227
mushroom 0.004 143 130 213 222
cucumber 0.006 140 113 227 227
cucumber 0.007 0 144 69 227
mushroom 0.006 0 145 100 227
cucumber 0.005 15 167 143 227
cucumber 0.005 71 145 158 227
mushroom 0.005 75 136 209 227
eggplant 0.005 138 152 223 227
cucumber 0.006 152 151 227 227