eggplant 0.005 0 0 68 92
cucumber 0.004 0 0 108 88
cucumber 0.005 31 0 139 84
eggplant 0.006 64 0 165 73
eggplant 0.008 79 0 208 72
eggplant 0.006 121 0 227 67
cucumber 0.008 161 0 227 77
cucumber 0.006 0 0 62 100
cucumber 0.004 0 0 105 103
eggplant 0.008 33 0 126 111
mushroom 0.005 58 0 161 100
cucumber 0.007 84 3 217 100
eggplant 0.006 123 4 226 93
eggplant 0.004 150 0 227 97
eggplant 0.006 0 17 87 145
mushroom 0.005 0 17 117 138
eggplant 0.004 33 35 132 127
eggplant 0.016 41 29 207 151
eggplant 0.115 51 27 212 163
mushroom 0.004 129 18 227 139
eggplant 0.006 154 22 227 147
cucumber 0.007 0 51 76 174
eggplant 0.013 16 55 103 182
eggplant 0.029 26 45 122 163
eggplant 0.959 10 33 210 205
eggplant 0.018 49 28 223 188
mushroom 0.008 147 52 196 201
cucumber 0.003 164 64 227 169
mushroom 0.004 0 84 61 204
cucumber 0.005 0 96 109 201
eggplant 0.012 0 56 199 211
eggplant 0.040 14 38 192 222
mushroom 0.022 81 73 183 194
mushroom 0.007 125 98 222 195
eggplant 0.004 157 78 227 210
eggplant 0.006 0 122 64 227
mushroom 0.004 0 101 105 227
cucumber 0.007 0 126 161 227
mushroom 0.006 61 130 164 221
mushroom 0.005 85 123 206 227
cucumber 0.005 135 115 226 227
mushroom 0.005 157 111 227 227
cucumber 0.007 0 153 77 227
cucumber 0.005 2 142 100 227
cucumber 0.005 9 160 145 227
mushroom 0.004 41 143 187 227
mushroom 0.005 87 143 195 227
eggplant 0.006 128 156 227 227
cucumber 0.006 161 145 227 227