eggplant 0.005 0 0 64 81
cucumber 0.003 0 0 107 75
mushroom 0.004 28 0 138 79
eggplant 0.005 71 0 156 68
eggplant 0.006 79 0 207 74
mushroom 0.004 127 0 227 75
cucumber 0.006 151 0 227 81
cucumber 0.004 0 0 59 104
cucumber 0.004 0 0 109 109
eggplant 0.007 34 0 130 112
mushroom 0.004 63 0 165 106
mushroom 0.005 80 4 219 97
eggplant 0.004 119 0 227 96
mushroom 0.004 148 0 227 104
eggplant 0.004 0 17 74 142
mushroom 0.004 0 13 110 144
eggplant 0.003 21 33 137 132
eggplant 0.098 43 36 203 147
eggplant 0.079 47 18 215 172
mushroom 0.004 132 19 227 138
eggplant 0.004 161 20 227 147
cucumber 0.006 0 57 69 173
eggplant 0.011 16 45 103 192
eggplant 0.008 29 41 122 165
eggplant 0.923 16 26 211 187
eggplant 0.011 77 27 227 187
mushroom 0.009 155 56 187 196
cucumber 0.004 160 59 227 168
mushroom 0.004 0 82 64 206
cucumber 0.004 0 104 97 185
mushroom 0.008 0 60 204 204
eggplant 0.001 12 40 194 220
mushroom 0.019 86 61 177 205
cucumber 0.005 121 100 224 186
eggplant 0.004 162 85 227 204
eggplant 0.005 0 116 63 227
eggplant 0.003 0 103 106 227
eggplant 0.006 0 122 160 227
eggplant 0.005 55 126 173 220
mushroom 0.005 86 121 206 227
cucumber 0.004 131 115 227 227
mushroom 0.005 154 115 227 227
cucumber 0.005 0 124 81 227
mushroom 0.004 0 144 99 227
cucumber 0.004 11 162 145 227
eggplant 0.004 76 149 152 227
mushroom 0.003 72 158 216 227
eggplant 0.005 137 154 227 227
cucumber 0.004 157 145 227 227