mushroom 0.006 0 0 68 84
cucumber 0.004 4 0 103 83
cucumber 0.004 32 0 137 77
eggplant 0.005 66 0 158 70
eggplant 0.007 80 0 208 70
cucumber 0.005 125 0 227 72
cucumber 0.007 159 0 227 84
cucumber 0.004 0 2 55 98
cucumber 0.004 0 0 111 109
eggplant 0.006 27 0 130 113
mushroom 0.005 62 0 156 96
cucumber 0.005 80 7 221 97
eggplant 0.005 118 7 227 86
mushroom 0.004 146 0 227 103
eggplant 0.007 0 18 84 144
mushroom 0.005 0 19 111 134
eggplant 0.005 27 25 130 141
eggplant 0.022 24 35 183 154
eggplant 0.025 54 18 211 171
mushroom 0.004 127 44 227 119
eggplant 0.006 160 22 227 143
cucumber 0.007 0 58 71 170
eggplant 0.013 18 56 100 185
eggplant 0.017 24 46 119 167
eggplant 0.973 43 61 173 154
eggplant 0.001 51 11 227 183
mushroom 0.008 144 58 197 194
cucumber 0.003 157 64 227 168
mushroom 0.004 0 82 64 207
eggplant 0.005 0 88 111 205
eggplant 0.018 0 57 201 208
eggplant 0.014 64 62 176 200
mushroom 0.017 79 73 185 191
mushroom 0.008 123 102 225 190
eggplant 0.004 145 88 227 204
eggplant 0.005 0 114 65 227
mushroom 0.004 0 102 108 227
cucumber 0.006 0 124 161 227
mushroom 0.006 55 130 169 220
mushroom 0.005 79 113 208 227
cucumber 0.004 143 128 218 225
eggplant 0.005 152 117 227 227
cucumber 0.005 0 124 81 227
mushroom 0.004 0 156 110 227
cucumber 0.004 3 154 148 227
mushroom 0.004 67 145 160 227
mushroom 0.005 88 144 197 227
eggplant 0.006 129 151 227 227
cucumber 0.004 160 150 227 227