eggplant 0.007 0 0 70 78
cucumber 0.005 0 0 117 82
mushroom 0.006 16 0 142 77
eggplant 0.005 56 0 167 68
eggplant 0.005 65 0 213 78
cucumber 0.006 129 0 224 69
mushroom 0.006 152 0 227 74
cucumber 0.005 0 0 69 115
mushroom 0.006 0 0 112 94
mushroom 0.006 10 0 141 105
eggplant 0.003 66 0 166 108
mushroom 0.005 93 0 208 113
cucumber 0.006 121 0 227 111
mushroom 0.005 142 0 227 102
eggplant 0.006 0 24 77 130
cucumber 0.007 0 4 116 157
mushroom 0.005 10 38 141 124
cucumber 0.005 26 39 200 136
eggplant 0.215 71 42 196 150
mushroom 0.006 112 33 227 128
mushroom 0.005 166 27 227 136
cucumber 0.006 0 66 83 160
eggplant 0.006 25 30 80 221
mushroom 0.005 15 38 137 169
cucumber 0.016 52 17 189 219
mushroom 0.932 109 57 208 190
mushroom 0.014 157 61 191 187
eggplant 0.007 160 69 227 160
eggplant 0.007 0 92 79 191
eggplant 0.005 0 107 110 187
mushroom 0.004 7 99 147 171
mushroom 0.058 48 95 168 175
mushroom 0.029 86 67 181 207
cucumber 0.003 121 100 224 200
eggplant 0.006 172 89 227 194
cucumber 0.006 0 111 82 227
cucumber 0.006 0 118 118 227
eggplant 0.005 55 119 110 227
mushroom 0.006 31 127 198 217
cucumber 0.005 97 129 191 217
mushroom 0.005 139 105 217 227
cucumber 0.006 167 144 227 215
eggplant 0.007 0 156 74 227
mushroom 0.004 9 162 87 227
cucumber 0.004 28 153 141 227
mushroom 0.007 55 148 183 227
eggplant 0.007 75 171 222 227
mushroom 0.004 128 148 227 227
cucumber 0.006 159 146 227 227