eggplant 0.004 0 0 61 66
eggplant 0.002 1 0 106 73
mushroom 0.003 20 0 136 66
eggplant 0.002 68 0 155 62
eggplant 0.003 66 0 227 84
cucumber 0.003 125 0 227 63
cucumber 0.003 139 0 227 90
cucumber 0.003 0 0 75 99
cucumber 0.003 0 0 124 103
eggplant 0.003 29 0 131 113
cucumber 0.002 69 8 155 94
mushroom 0.003 94 0 206 105
eggplant 0.003 123 1 227 91
cucumber 0.002 152 0 227 101
eggplant 0.003 0 38 76 127
cucumber 0.003 0 14 125 139
eggplant 0.003 20 29 129 141
eggplant 0.024 31 40 188 151
eggplant 0.017 60 21 203 170
mushroom 0.002 127 42 227 121
cucumber 0.003 165 15 227 142
cucumber 0.004 0 69 67 161
eggplant 0.006 27 21 84 227
mushroom 0.011 30 45 115 160
mushroom 0.950 28 41 202 164
mushroom 0.001 55 5 219 188
mushroom 0.008 163 46 192 208
mushroom 0.003 161 44 227 184
mushroom 0.003 0 70 60 219
eggplant 0.002 0 96 114 203
mushroom 0.005 0 56 206 207
mushroom 0.000 23 48 192 213
mushroom 0.017 87 65 177 198
cucumber 0.003 127 96 218 193
eggplant 0.003 140 97 227 201
cucumber 0.003 0 123 95 227
cucumber 0.002 0 109 99 227
eggplant 0.002 50 117 118 227
mushroom 0.003 40 126 188 221
mushroom 0.003 91 115 200 227
mushroom 0.002 132 112 227 227
mushroom 0.003 137 107 227 227
cucumber 0.003 0 136 59 227
mushroom 0.002 2 169 96 227
eggplant 0.003 29 168 131 227
mushroom 0.002 70 153 158 227
mushroom 0.003 77 136 215 227
eggplant 0.003 134 152 227 227
cucumber 0.002 156 155 227 227