eggplant 0.003 0 0 59 80
eggplant 0.002 0 0 101 72
mushroom 0.004 23 0 134 78
eggplant 0.002 63 0 158 51
eggplant 0.002 62 0 225 83
cucumber 0.003 124 0 227 77
mushroom 0.003 151 0 227 77
cucumber 0.002 0 0 69 105
cucumber 0.003 0 0 113 102
cucumber 0.003 0 0 163 111
eggplant 0.002 49 0 176 115
cucumber 0.004 84 0 212 100
eggplant 0.003 135 0 227 125
eggplant 0.002 133 0 227 103
eggplant 0.003 0 19 70 144
eggplant 0.002 0 32 98 133
mushroom 0.004 29 18 127 146
mushroom 0.026 41 18 183 134
eggplant 0.012 84 28 209 136
mushroom 0.003 136 48 219 112
cucumber 0.002 162 17 227 146
cucumber 0.004 0 52 76 173
eggplant 0.010 24 42 95 190
mushroom 0.094 43 55 131 143
mushroom 0.935 36 39 197 215
mushroom 0.008 48 2 216 191
mushroom 0.014 170 42 182 206
cucumber 0.003 152 48 227 179
eggplant 0.002 0 69 67 216
eggplant 0.003 0 88 101 208
mushroom 0.079 0 98 154 168
mushroom 0.047 18 46 181 222
mushroom 0.134 95 71 173 198
cucumber 0.002 129 90 212 200
eggplant 0.005 162 83 227 204
eggplant 0.002 0 120 88 227
eggplant 0.003 0 118 103 227
eggplant 0.003 40 110 130 227
mushroom 0.003 58 116 169 227
cucumber 0.003 100 125 194 223
eggplant 0.004 125 107 224 227
cucumber 0.003 156 122 227 227
eggplant 0.003 0 140 73 227
cucumber 0.002 0 157 109 227
eggplant 0.002 28 165 135 227
mushroom 0.003 44 144 188 227
mushroom 0.003 77 159 208 227
eggplant 0.003 114 151 227 227
mushroom 0.003 159 160 227 227