eggplant 0.003 0 0 57 70
eggplant 0.001 0 0 106 77
mushroom 0.002 22 0 134 70
eggplant 0.001 62 0 168 67
eggplant 0.002 60 0 227 84
cucumber 0.002 125 0 224 65
cucumber 0.002 139 0 227 91
cucumber 0.002 0 0 71 96
mushroom 0.002 0 0 123 101
cucumber 0.002 0 0 157 102
cucumber 0.001 53 9 170 99
mushroom 0.002 89 0 211 107
eggplant 0.002 124 1 227 92
cucumber 0.001 151 0 227 101
eggplant 0.002 0 37 75 128
cucumber 0.002 0 12 130 141
eggplant 0.002 33 22 120 141
eggplant 0.011 34 37 190 154
eggplant 0.014 57 24 204 168
mushroom 0.001 129 41 227 121
cucumber 0.002 163 16 227 142
cucumber 0.002 0 70 73 164
eggplant 0.004 27 43 94 195
mushroom 0.026 34 47 116 155
mushroom 0.992 21 21 213 192
mushroom 0.004 55 2 213 191
mushroom 0.006 166 45 187 208
mushroom 0.002 159 45 227 180
eggplant 0.002 0 70 63 218
eggplant 0.002 0 93 117 207
mushroom 0.004 0 55 207 207
mushroom 0.000 14 44 202 217
mushroom 0.019 90 63 174 201
cucumber 0.002 121 90 227 200
eggplant 0.002 143 104 227 193
cucumber 0.002 0 119 98 227
cucumber 0.001 0 111 110 227
mushroom 0.002 48 115 119 227
mushroom 0.002 58 104 165 227
mushroom 0.002 96 117 197 227
mushroom 0.002 131 103 227 227
mushroom 0.002 155 122 227 227
cucumber 0.002 0 136 54 227
cucumber 0.001 9 172 89 227
eggplant 0.002 27 168 135 227
mushroom 0.002 47 140 187 227
mushroom 0.002 76 132 216 227
eggplant 0.002 125 150 227 227
cucumber 0.002 153 152 227 227