eggplant 0.003 0 0 63 83
cucumber 0.003 0 0 111 74
mushroom 0.005 27 0 135 85
eggplant 0.003 61 0 165 68
eggplant 0.003 67 0 219 83
cucumber 0.003 138 0 213 73
mushroom 0.003 144 0 227 76
cucumber 0.004 0 0 64 114
mushroom 0.004 0 3 112 92
mushroom 0.003 1 0 148 107
eggplant 0.002 64 0 162 107
cucumber 0.003 88 0 210 106
cucumber 0.004 126 0 225 107
mushroom 0.002 132 0 227 106
eggplant 0.003 0 21 78 142
cucumber 0.002 0 31 98 136
eggplant 0.004 27 17 132 148
mushroom 0.019 47 52 193 137
eggplant 0.035 54 38 210 153
mushroom 0.003 122 46 227 115
mushroom 0.003 147 11 227 149
cucumber 0.004 0 63 66 166
eggplant 0.008 31 39 87 194
mushroom 0.101 30 26 139 204
mushroom 0.016 27 23 195 227
mushroom 0.891 80 21 217 186
mushroom 0.014 164 52 185 195
eggplant 0.005 157 53 227 167
eggplant 0.003 0 94 74 188
eggplant 0.003 0 95 105 199
mushroom 0.019 0 74 202 191
mushroom 0.069 34 91 188 182
mushroom 0.083 94 65 174 207
cucumber 0.002 108 94 227 200
eggplant 0.005 171 88 227 200
cucumber 0.002 0 110 89 227
cucumber 0.004 0 124 115 227
cucumber 0.003 47 122 115 227
mushroom 0.004 57 109 171 227
cucumber 0.004 96 115 195 227
mushroom 0.004 119 108 227 227
cucumber 0.003 170 135 227 221
eggplant 0.004 0 155 72 227
mushroom 0.002 12 160 86 227
eggplant 0.002 14 155 138 227
mushroom 0.004 50 146 187 227
eggplant 0.005 75 165 214 227
eggplant 0.003 120 141 227 227
cucumber 0.004 155 150 227 227