eggplant 0.004 0 0 67 78
cucumber 0.002 0 0 99 72
mushroom 0.004 21 0 139 75
eggplant 0.003 69 0 156 53
eggplant 0.003 88 0 198 77
cucumber 0.004 134 0 216 80
cucumber 0.003 150 0 227 83
cucumber 0.003 0 0 67 103
mushroom 0.004 0 0 124 103
cucumber 0.005 0 0 160 101
eggplant 0.003 62 6 161 97
cucumber 0.004 91 0 211 102
mushroom 0.003 128 0 227 125
cucumber 0.003 153 0 227 100
eggplant 0.003 0 34 75 130
cucumber 0.003 0 30 99 137
eggplant 0.004 26 21 128 140
mushroom 0.048 42 24 179 136
eggplant 0.013 51 26 212 165
mushroom 0.003 133 46 227 113
cucumber 0.003 161 20 227 143
cucumber 0.004 0 49 78 180
eggplant 0.012 24 46 94 189
mushroom 0.113 40 47 123 153
mushroom 0.971 44 18 170 204
mushroom 0.004 51 2 216 192
mushroom 0.015 149 48 192 203
mushroom 0.003 152 64 227 168
eggplant 0.003 0 70 66 214
eggplant 0.004 3 103 90 191
mushroom 0.018 0 67 205 196
mushroom 0.006 24 43 177 224
mushroom 0.075 93 64 174 202
cucumber 0.003 122 87 220 199
eggplant 0.005 149 95 227 198
cucumber 0.004 0 121 92 227
cucumber 0.003 0 120 92 227
eggplant 0.002 38 115 131 227
mushroom 0.003 43 131 183 219
cucumber 0.003 97 121 197 227
mushroom 0.004 127 104 224 227
cucumber 0.003 157 128 227 227
cucumber 0.003 0 147 53 227
cucumber 0.003 0 153 106 227
eggplant 0.003 28 165 135 227
mushroom 0.003 41 144 188 227
mushroom 0.004 75 161 216 227
eggplant 0.004 121 145 227 227
cucumber 0.003 144 158 227 227