eggplant 0.005 0 0 68 74
eggplant 0.003 0 0 106 79
mushroom 0.004 19 0 137 70
eggplant 0.003 66 0 159 57
eggplant 0.003 65 0 223 80
cucumber 0.004 130 0 227 84
cucumber 0.004 145 0 227 88
cucumber 0.003 0 0 72 102
cucumber 0.004 0 0 120 98
cucumber 0.004 20 0 136 110
cucumber 0.003 67 6 152 98
cucumber 0.004 84 7 214 96
eggplant 0.004 127 0 226 96
cucumber 0.003 162 0 227 98
eggplant 0.004 0 20 73 143
cucumber 0.003 0 17 94 148
eggplant 0.004 28 26 124 137
eggplant 0.003 40 43 180 146
eggplant 0.021 58 25 205 166
mushroom 0.004 130 49 227 114
cucumber 0.004 165 19 227 139
cucumber 0.005 0 64 77 164
eggplant 0.011 20 44 100 193
mushroom 0.030 24 21 161 196
mushroom 0.987 42 47 177 190
mushroom 0.001 59 5 214 188
mushroom 0.009 163 43 188 208
mushroom 0.003 159 62 227 170
mushroom 0.003 0 71 67 218
eggplant 0.003 0 89 112 209
mushroom 0.022 8 75 148 188
mushroom 0.007 29 46 180 220
mushroom 0.026 88 75 176 191
mushroom 0.004 122 92 222 196
eggplant 0.004 146 101 227 194
cucumber 0.003 0 116 85 227
cucumber 0.004 0 115 103 227
eggplant 0.003 47 112 123 227
mushroom 0.004 58 116 170 227
mushroom 0.004 95 114 197 227
eggplant 0.004 135 102 221 227
cucumber 0.003 159 125 227 227
cucumber 0.003 0 142 56 227
cucumber 0.003 0 157 98 227
eggplant 0.003 38 167 121 227
mushroom 0.003 70 146 159 227
mushroom 0.003 93 157 195 227
eggplant 0.005 123 154 227 227
cucumber 0.004 161 152 227 227