eggplant 0.003 0 0 58 68
cucumber 0.001 0 0 106 80
mushroom 0.002 18 0 140 70
eggplant 0.002 66 0 160 72
eggplant 0.002 82 0 205 75
cucumber 0.002 131 0 221 73
cucumber 0.002 151 0 227 79
cucumber 0.002 0 0 72 101
mushroom 0.003 0 0 128 106
cucumber 0.002 0 0 163 107
eggplant 0.001 58 0 168 113
mushroom 0.002 76 1 215 101
eggplant 0.002 132 0 227 132
cucumber 0.001 156 0 227 91
eggplant 0.002 0 15 78 151
cucumber 0.001 0 18 126 143
eggplant 0.003 26 21 129 144
mushroom 0.019 22 10 206 135
eggplant 0.019 47 28 214 164
mushroom 0.002 122 27 227 134
mushroom 0.002 155 20 227 147
cucumber 0.003 0 54 70 172
eggplant 0.004 25 42 95 190
mushroom 0.030 39 40 119 160
mushroom 0.987 57 14 181 198
mushroom 0.013 44 6 219 188
mushroom 0.007 167 41 187 209
mushroom 0.002 159 77 227 157
eggplant 0.002 0 72 66 216
eggplant 0.002 0 94 115 202
mushroom 0.006 0 68 206 194
mushroom 0.002 24 43 181 219
mushroom 0.046 97 64 169 200
cucumber 0.002 122 94 217 194
eggplant 0.003 162 86 227 203
cucumber 0.002 0 120 92 227
cucumber 0.002 0 118 111 227
eggplant 0.002 54 111 117 227
mushroom 0.002 38 129 183 221
cucumber 0.002 103 119 188 227
mushroom 0.002 124 104 227 227
cucumber 0.002 157 124 227 227
mushroom 0.002 0 138 81 227
cucumber 0.002 9 166 88 227
eggplant 0.002 24 170 140 227
mushroom 0.002 45 145 184 227
mushroom 0.002 69 133 219 227
eggplant 0.002 125 149 227 227
cucumber 0.002 139 159 227 227