cucumber 0.007 0 0 62 79
cucumber 0.005 0 0 106 66
mushroom 0.007 36 0 129 77
eggplant 0.006 70 0 164 80
eggplant 0.006 71 0 213 71
cucumber 0.007 116 0 227 74
mushroom 0.008 154 0 227 71
cucumber 0.006 0 0 58 112
cucumber 0.007 0 8 105 91
cucumber 0.007 0 0 156 106
eggplant 0.006 56 2 165 102
cucumber 0.007 83 0 213 101
eggplant 0.006 128 0 222 110
eggplant 0.006 162 0 227 106
eggplant 0.007 0 16 72 147
cucumber 0.005 0 32 95 131
mushroom 0.008 27 28 134 135
mushroom 0.210 75 54 168 126
eggplant 0.034 58 25 208 165
mushroom 0.006 127 42 221 117
mushroom 0.006 151 21 227 136
cucumber 0.009 0 54 77 169
eggplant 0.025 19 47 96 183
mushroom 0.124 30 44 140 158
mushroom 0.038 36 30 189 225
mushroom 0.046 90 31 225 176
mushroom 0.034 165 46 187 203
eggplant 0.009 155 49 227 175
eggplant 0.008 0 79 71 207
eggplant 0.007 0 105 95 179
mushroom 0.618 9 98 141 177
mushroom 0.122 22 50 176 219
mushroom 0.145 89 67 181 206
cucumber 0.006 119 89 227 203
eggplant 0.011 162 82 227 208
eggplant 0.007 0 116 85 227
eggplant 0.010 0 118 107 227
eggplant 0.008 37 111 131 227
mushroom 0.007 52 122 175 227
mushroom 0.007 89 108 204 227
eggplant 0.009 124 117 226 227
cucumber 0.007 154 124 227 227
eggplant 0.008 0 156 66 227
cucumber 0.007 0 151 121 227
cucumber 0.005 10 156 141 227
mushroom 0.006 65 151 165 227
eggplant 0.011 78 164 210 227
eggplant 0.007 120 148 227 227
cucumber 0.007 155 158 227 227