eggplant 0.005 0 0 61 70
eggplant 0.003 0 0 101 78
mushroom 0.005 22 0 137 70
eggplant 0.003 66 0 159 58
eggplant 0.003 63 0 227 82
cucumber 0.004 124 0 227 66
cucumber 0.004 143 0 227 86
cucumber 0.003 0 0 73 102
cucumber 0.004 0 0 121 98
cucumber 0.005 24 0 135 105
eggplant 0.003 48 6 176 101
cucumber 0.004 79 8 217 95
eggplant 0.004 124 0 227 95
mushroom 0.003 157 0 227 96
eggplant 0.004 0 22 71 143
cucumber 0.004 0 13 125 141
mushroom 0.004 24 31 126 137
eggplant 0.008 49 39 180 151
eggplant 0.021 59 26 205 165
mushroom 0.004 131 42 227 119
cucumber 0.004 166 17 227 140
cucumber 0.005 0 69 73 163
eggplant 0.010 22 43 97 191
mushroom 0.030 31 50 119 155
mushroom 0.980 23 27 201 194
mushroom 0.005 55 6 215 187
mushroom 0.011 163 47 188 204
mushroom 0.003 157 70 227 162
eggplant 0.003 0 69 64 219
eggplant 0.003 0 88 114 210
mushroom 0.014 0 60 204 204
mushroom 0.003 17 49 194 216
mushroom 0.030 89 69 176 197
cucumber 0.004 123 91 221 197
eggplant 0.005 150 101 227 195
cucumber 0.003 0 126 96 227
cucumber 0.004 0 117 101 227
eggplant 0.003 14 115 148 227
mushroom 0.004 42 126 182 223
mushroom 0.004 95 115 200 227
eggplant 0.004 132 103 223 227
mushroom 0.004 158 124 227 227
cucumber 0.003 0 140 55 227
cucumber 0.003 6 165 92 227
eggplant 0.004 31 162 131 227
mushroom 0.003 42 142 190 227
mushroom 0.004 80 140 211 227
eggplant 0.005 123 149 227 227
cucumber 0.004 157 151 227 227