eggplant 0.004 0 0 61 80
cucumber 0.002 0 0 104 65
mushroom 0.004 28 0 131 81
eggplant 0.004 72 0 159 75
eggplant 0.003 85 0 199 74
cucumber 0.004 130 0 221 76
cucumber 0.004 142 0 227 73
mushroom 0.004 0 0 46 115
mushroom 0.005 0 7 108 95
mushroom 0.004 0 0 154 100
eggplant 0.002 64 0 162 117
mushroom 0.003 92 0 214 103
eggplant 0.004 121 0 227 116
cucumber 0.003 158 0 227 100
eggplant 0.003 0 6 74 157
cucumber 0.003 0 35 94 127
mushroom 0.004 24 23 134 137
mushroom 0.812 25 10 195 129
eggplant 0.023 52 26 211 165
cucumber 0.002 131 43 226 117
mushroom 0.003 158 26 227 142
cucumber 0.005 0 56 85 166
eggplant 0.009 21 43 98 191
mushroom 0.340 37 40 130 160
mushroom 0.049 32 8 182 212
mushroom 0.158 83 6 227 191
mushroom 0.022 166 45 185 206
cucumber 0.004 151 53 227 172
eggplant 0.005 0 81 72 205
eggplant 0.004 5 110 92 176
mushroom 0.053 0 98 148 173
mushroom 0.010 11 37 187 224
mushroom 0.077 96 58 171 213
cucumber 0.004 113 89 227 200
eggplant 0.006 165 89 227 206
eggplant 0.003 0 109 84 227
eggplant 0.004 0 115 112 227
cucumber 0.004 44 113 122 227
mushroom 0.003 53 114 174 227
cucumber 0.004 93 115 200 227
mushroom 0.004 119 111 227 227
cucumber 0.003 148 117 227 227
mushroom 0.006 0 153 63 227
cucumber 0.003 0 154 125 227
eggplant 0.003 18 163 145 227
mushroom 0.003 47 131 185 227
eggplant 0.005 70 163 220 227
eggplant 0.004 118 138 227 227
cucumber 0.004 147 155 227 227