eggplant 0.005 0 0 64 81
cucumber 0.004 0 0 97 69
mushroom 0.006 27 0 134 84
eggplant 0.004 59 0 167 67
eggplant 0.004 70 0 218 81
cucumber 0.004 137 0 215 71
mushroom 0.005 144 0 227 77
cucumber 0.005 0 0 66 115
mushroom 0.006 0 2 114 94
mushroom 0.006 0 0 150 107
eggplant 0.003 64 0 162 108
mushroom 0.004 89 0 207 107
cucumber 0.005 127 0 226 107
cucumber 0.003 133 1 227 105
eggplant 0.004 0 18 80 143
cucumber 0.004 0 19 121 145
mushroom 0.006 26 19 135 146
mushroom 0.033 48 49 194 140
eggplant 0.057 58 38 208 153
mushroom 0.004 125 45 227 115
mushroom 0.005 150 11 227 151
cucumber 0.006 0 64 71 166
eggplant 0.008 30 40 86 191
mushroom 0.101 30 29 138 203
mushroom 0.014 38 27 190 221
mushroom 0.876 84 26 217 188
mushroom 0.019 164 53 187 193
eggplant 0.007 157 53 227 168
eggplant 0.005 0 96 79 186
eggplant 0.005 0 94 105 199
mushroom 0.019 0 77 199 190
mushroom 0.079 41 88 179 189
mushroom 0.083 92 64 176 208
cucumber 0.003 108 96 227 197
eggplant 0.007 169 88 227 199
cucumber 0.004 0 110 89 227
cucumber 0.006 0 123 117 227
eggplant 0.005 46 124 117 227
mushroom 0.006 55 109 173 227
cucumber 0.005 95 116 195 227
mushroom 0.005 121 110 227 227
cucumber 0.005 169 135 227 224
eggplant 0.006 0 155 73 227
mushroom 0.004 0 151 120 227
cucumber 0.004 23 158 147 227
mushroom 0.005 51 148 185 227
eggplant 0.007 76 165 213 227
eggplant 0.004 115 146 227 227
cucumber 0.005 154 152 227 227