eggplant 0.004 0 0 68 74
eggplant 0.002 0 0 106 78
mushroom 0.004 20 0 138 69
eggplant 0.002 67 0 157 53
eggplant 0.003 63 0 225 81
cucumber 0.004 131 0 224 83
cucumber 0.004 146 0 227 87
cucumber 0.003 0 0 73 103
cucumber 0.003 0 0 120 97
cucumber 0.003 21 0 134 108
cucumber 0.003 65 4 153 100
cucumber 0.003 82 5 213 96
eggplant 0.004 136 0 227 124
cucumber 0.002 163 0 227 99
eggplant 0.004 0 15 73 147
cucumber 0.003 0 20 96 144
mushroom 0.004 26 25 127 139
mushroom 0.002 43 11 191 148
eggplant 0.017 56 26 207 165
mushroom 0.003 132 49 227 112
cucumber 0.003 163 16 227 144
cucumber 0.004 0 67 76 162
eggplant 0.011 22 41 97 194
mushroom 0.056 27 21 157 201
mushroom 0.984 48 49 172 186
mushroom 0.001 58 3 212 190
mushroom 0.009 165 43 187 206
mushroom 0.003 156 62 227 170
cucumber 0.003 0 68 69 220
eggplant 0.003 0 90 112 209
mushroom 0.031 11 75 145 187
mushroom 0.015 35 48 173 222
mushroom 0.033 88 75 177 190
mushroom 0.003 119 93 224 197
eggplant 0.003 157 87 227 199
cucumber 0.002 0 114 84 227
cucumber 0.003 0 116 99 227
eggplant 0.003 46 111 124 227
mushroom 0.003 59 120 168 227
mushroom 0.004 96 111 198 227
eggplant 0.003 130 101 222 227
cucumber 0.003 159 124 227 227
cucumber 0.003 0 139 79 227
cucumber 0.002 0 159 100 227
eggplant 0.003 37 167 123 227
mushroom 0.003 41 143 192 227
mushroom 0.004 88 155 199 227
eggplant 0.005 122 154 227 227
cucumber 0.003 142 153 227 227