eggplant 0.003 0 0 59 73
eggplant 0.002 5 0 95 66
mushroom 0.003 25 0 132 75
eggplant 0.002 60 0 166 67
eggplant 0.002 75 0 211 75
cucumber 0.003 128 0 223 70
mushroom 0.002 145 0 227 83
cucumber 0.002 0 0 70 99
mushroom 0.003 0 0 125 103
cucumber 0.003 0 0 152 103
eggplant 0.002 59 3 166 101
cucumber 0.003 88 0 214 111
eggplant 0.002 122 0 227 96
cucumber 0.002 153 0 227 99
eggplant 0.002 0 36 71 124
cucumber 0.002 0 33 100 135
eggplant 0.003 27 16 128 147
mushroom 0.015 46 39 198 152
eggplant 0.023 55 28 208 164
mushroom 0.002 130 45 227 116
cucumber 0.002 158 18 227 141
cucumber 0.003 0 66 75 167
eggplant 0.006 31 38 88 196
mushroom 0.054 35 20 142 205
mushroom 0.891 11 5 212 216
mushroom 0.065 80 12 227 190
mushroom 0.009 166 49 184 203
cucumber 0.002 158 71 227 158
eggplant 0.003 0 75 69 209
eggplant 0.002 0 92 117 206
mushroom 0.008 0 59 206 204
mushroom 0.001 13 43 196 221
mushroom 0.035 96 62 170 204
cucumber 0.002 118 88 227 202
eggplant 0.003 163 81 227 205
cucumber 0.003 0 122 96 227
cucumber 0.003 0 117 108 227
cucumber 0.002 47 119 121 227
mushroom 0.003 39 124 188 223
cucumber 0.003 103 126 191 227
mushroom 0.003 124 108 227 227
cucumber 0.002 161 128 227 227
eggplant 0.002 0 142 55 227
cucumber 0.002 11 166 83 227
eggplant 0.002 25 163 144 227
cucumber 0.002 45 137 188 227
mushroom 0.002 71 164 219 227
eggplant 0.002 112 152 227 227
cucumber 0.002 156 153 227 227