eggplant 0.002 0 0 58 67
cucumber 0.001 3 0 101 65
mushroom 0.002 16 0 141 73
eggplant 0.001 61 0 165 74
eggplant 0.001 70 0 216 75
cucumber 0.002 124 0 226 69
mushroom 0.002 145 0 227 81
cucumber 0.001 0 0 76 97
mushroom 0.002 0 0 128 107
cucumber 0.002 0 0 150 100
eggplant 0.001 63 1 163 105
mushroom 0.002 88 0 215 107
eggplant 0.001 122 2 227 93
cucumber 0.001 151 0 227 95
eggplant 0.001 0 33 76 128
cucumber 0.001 0 8 125 150
eggplant 0.002 29 23 127 139
eggplant 0.017 45 39 200 153
eggplant 0.026 53 25 209 167
mushroom 0.002 127 26 227 131
mushroom 0.001 162 22 227 141
cucumber 0.003 0 54 78 174
eggplant 0.003 28 41 93 193
mushroom 0.022 33 41 117 160
mushroom 0.968 42 4 207 194
mushroom 0.045 86 4 227 194
mushroom 0.006 165 47 188 206
mushroom 0.001 164 84 227 150
eggplant 0.002 0 57 70 222
eggplant 0.002 6 113 85 181
mushroom 0.003 0 58 207 205
mushroom 0.000 18 43 190 218
mushroom 0.020 96 60 167 204
cucumber 0.001 112 86 227 202
eggplant 0.002 162 83 227 205
cucumber 0.002 0 124 96 227
cucumber 0.002 0 118 109 227
eggplant 0.001 51 115 118 227
mushroom 0.002 39 121 184 226
cucumber 0.002 102 118 193 227
mushroom 0.002 127 106 226 227
cucumber 0.002 159 132 227 226
mushroom 0.001 0 137 79 227
mushroom 0.001 10 166 89 227
eggplant 0.002 26 162 141 227
cucumber 0.002 43 135 190 227
mushroom 0.001 67 153 226 227
eggplant 0.002 124 146 227 227
cucumber 0.001 143 160 227 227