eggplant 0.006 0 0 67 70
cucumber 0.003 0 0 109 82
mushroom 0.005 15 0 144 71
eggplant 0.003 68 0 160 56
eggplant 0.003 62 0 227 82
cucumber 0.005 129 0 223 78
mushroom 0.005 151 0 227 80
cucumber 0.003 0 0 75 102
mushroom 0.005 0 0 120 101
cucumber 0.004 0 0 158 101
eggplant 0.003 60 1 158 102
mushroom 0.004 81 0 212 101
mushroom 0.005 131 0 227 128
cucumber 0.003 158 0 227 93
eggplant 0.004 0 13 76 148
cucumber 0.003 0 28 95 139
mushroom 0.006 29 23 127 140
mushroom 0.005 39 20 188 137
eggplant 0.073 59 35 204 157
mushroom 0.004 128 43 227 117
mushroom 0.005 165 22 227 140
eggplant 0.007 0 55 81 171
eggplant 0.008 23 25 85 227
mushroom 0.051 24 21 157 207
mushroom 0.943 79 21 163 201
mushroom 0.037 55 10 211 184
mushroom 0.012 163 46 190 202
mushroom 0.004 156 71 227 162
mushroom 0.004 0 70 76 214
eggplant 0.005 3 104 87 186
mushroom 0.012 0 65 203 201
mushroom 0.009 74 60 151 212
mushroom 0.041 88 68 178 199
cucumber 0.004 118 94 225 196
eggplant 0.005 157 86 227 201
cucumber 0.003 0 111 87 227
cucumber 0.005 0 114 97 227
eggplant 0.004 50 108 117 227
mushroom 0.005 59 118 167 227
mushroom 0.004 92 117 201 227
mushroom 0.004 136 98 218 227
cucumber 0.004 159 133 227 225
cucumber 0.005 0 146 60 227
mushroom 0.003 0 150 109 227
eggplant 0.005 41 160 124 227
mushroom 0.004 42 144 191 227
mushroom 0.005 82 156 209 227
eggplant 0.004 110 155 227 227
cucumber 0.004 145 154 227 227