eggplant 0.003 0 0 62 72
cucumber 0.002 0 0 103 71
mushroom 0.003 14 0 142 62
eggplant 0.002 57 0 176 72
eggplant 0.003 65 0 227 82
cucumber 0.003 130 0 222 89
cucumber 0.003 147 0 227 81
cucumber 0.003 0 0 77 108
cucumber 0.003 0 0 109 109
cucumber 0.003 34 0 127 113
cucumber 0.002 54 3 169 101
cucumber 0.003 95 0 208 106
eggplant 0.003 127 6 226 90
cucumber 0.002 153 0 227 102
eggplant 0.003 0 34 71 128
cucumber 0.002 0 27 111 136
eggplant 0.003 25 31 123 138
eggplant 0.012 23 38 195 152
eggplant 0.010 86 19 210 137
mushroom 0.002 133 41 227 121
cucumber 0.002 169 15 227 144
cucumber 0.004 0 66 66 165
eggplant 0.008 29 37 92 201
mushroom 0.029 25 40 117 168
mushroom 0.942 23 21 205 182
mushroom 0.002 51 5 220 189
mushroom 0.010 163 51 193 201
mushroom 0.003 150 50 227 175
eggplant 0.003 0 69 63 216
eggplant 0.002 1 102 92 190
mushroom 0.018 0 61 207 201
mushroom 0.001 66 66 185 220
mushroom 0.022 93 65 172 199
cucumber 0.002 121 96 223 193
eggplant 0.003 160 82 227 205
cucumber 0.002 0 129 89 227
cucumber 0.003 3 113 89 227
mushroom 0.002 49 119 121 227
mushroom 0.003 39 129 186 226
mushroom 0.003 95 107 199 227
mushroom 0.003 128 111 227 227
mushroom 0.003 140 107 227 227
cucumber 0.002 0 137 76 227
mushroom 0.002 0 152 105 227
eggplant 0.003 36 168 128 227
mushroom 0.002 62 151 166 227
mushroom 0.002 76 135 215 227
eggplant 0.004 120 150 227 227
cucumber 0.002 148 159 227 227