eggplant 0.003 0 0 57 84
cucumber 0.002 0 0 104 72
mushroom 0.003 22 0 137 92
eggplant 0.003 60 0 167 65
eggplant 0.002 73 0 207 77
cucumber 0.003 127 0 223 80
mushroom 0.003 148 0 227 71
cucumber 0.003 0 0 50 123
mushroom 0.004 0 11 111 88
cucumber 0.003 0 0 152 98
eggplant 0.001 74 0 154 115
mushroom 0.003 97 0 210 110
eggplant 0.002 122 1 227 104
mushroom 0.002 155 1 227 96
eggplant 0.002 0 32 68 125
cucumber 0.002 0 13 120 155
mushroom 0.004 26 15 132 146
mushroom 0.349 31 28 184 131
eggplant 0.035 61 26 202 165
mushroom 0.002 125 39 227 123
mushroom 0.002 157 6 227 152
cucumber 0.004 0 55 90 168
eggplant 0.005 30 39 89 191
mushroom 0.069 32 22 144 210
mushroom 0.015 32 3 185 216
mushroom 0.926 86 0 227 197
mushroom 0.015 167 48 181 202
eggplant 0.004 149 63 227 158
eggplant 0.003 0 81 79 199
eggplant 0.003 3 114 86 172
mushroom 0.019 0 106 149 165
mushroom 0.004 3 43 198 220
mushroom 0.060 97 56 169 215
cucumber 0.002 105 94 227 200
eggplant 0.005 168 94 227 197
eggplant 0.002 0 108 85 227
cucumber 0.003 0 120 113 227
eggplant 0.003 40 119 124 227
mushroom 0.003 53 112 175 227
cucumber 0.002 95 114 197 227
mushroom 0.003 122 112 225 227
cucumber 0.003 163 140 227 215
mushroom 0.004 0 155 64 227
mushroom 0.002 0 149 128 227
eggplant 0.002 20 157 145 227
mushroom 0.002 47 136 184 227
eggplant 0.004 66 169 226 227
eggplant 0.002 122 141 227 227
cucumber 0.003 148 150 227 227