eggplant 0.006 0 0 71 79
mushroom 0.006 0 0 106 74
mushroom 0.004 27 0 133 65
mushroom 0.004 58 0 174 78
eggplant 0.005 62 0 224 80
cucumber 0.006 135 0 224 81
mushroom 0.005 151 0 227 60
mushroom 0.006 0 0 55 106
mushroom 0.006 0 5 109 93
cucumber 0.007 0 0 158 106
eggplant 0.005 54 0 169 109
cucumber 0.006 74 0 221 105
cucumber 0.009 134 0 227 117
mushroom 0.004 156 0 227 110
eggplant 0.005 0 5 74 159
cucumber 0.005 0 19 101 137
mushroom 0.007 20 19 132 143
mushroom 0.058 36 25 190 162
eggplant 0.026 57 34 208 156
cucumber 0.004 133 50 222 109
cucumber 0.004 159 17 227 142
cucumber 0.007 0 68 63 162
eggplant 0.021 23 41 93 195
mushroom 0.838 20 28 152 215
mushroom 0.086 42 37 160 205
mushroom 0.003 53 7 213 186
mushroom 0.025 164 42 187 206
mushroom 0.006 151 45 227 183
cucumber 0.006 0 81 73 206
eggplant 0.006 4 106 93 184
mushroom 0.215 23 69 130 194
mushroom 0.024 44 50 153 226
mushroom 0.069 89 70 181 199
cucumber 0.004 126 89 227 199
eggplant 0.006 156 93 227 193
eggplant 0.004 0 115 94 227
cucumber 0.007 0 128 95 227
mushroom 0.006 14 115 153 227
mushroom 0.005 54 118 171 227
eggplant 0.007 101 108 189 227
eggplant 0.006 121 101 225 227
cucumber 0.005 146 100 227 227
eggplant 0.005 0 149 58 227
cucumber 0.005 0 147 107 227
cucumber 0.005 29 170 134 227
mushroom 0.005 41 144 194 227
mushroom 0.007 86 154 204 227
eggplant 0.007 110 161 227 227
cucumber 0.006 147 161 227 227