eggplant 0.006 0 0 64 75
cucumber 0.003 0 0 102 75
mushroom 0.006 21 0 138 72
eggplant 0.005 66 0 165 77
eggplant 0.005 67 0 221 83
cucumber 0.005 128 0 225 78
cucumber 0.005 149 0 227 79
cucumber 0.005 0 0 72 104
cucumber 0.006 0 0 116 101
cucumber 0.006 5 0 151 104
eggplant 0.004 65 0 158 101
cucumber 0.006 82 5 212 95
eggplant 0.006 129 0 227 121
cucumber 0.004 156 0 227 99
eggplant 0.005 0 19 75 143
cucumber 0.005 0 22 104 142
mushroom 0.006 27 26 127 140
mushroom 0.011 36 36 188 152
eggplant 0.021 84 28 207 135
mushroom 0.005 132 42 227 117
cucumber 0.005 164 17 227 142
cucumber 0.006 0 63 73 167
eggplant 0.016 18 40 98 191
mushroom 0.068 34 47 122 156
mushroom 0.947 26 30 202 197
mushroom 0.004 57 10 212 183
mushroom 0.015 163 49 189 201
cucumber 0.005 153 50 227 175
eggplant 0.004 0 73 65 217
eggplant 0.005 3 102 93 190
mushroom 0.036 0 63 203 201
mushroom 0.013 17 54 186 211
mushroom 0.054 92 70 176 197
cucumber 0.005 125 92 220 196
eggplant 0.006 162 80 227 208
cucumber 0.004 0 122 88 227
cucumber 0.005 0 114 111 227
eggplant 0.004 17 116 145 227
mushroom 0.005 46 125 179 227
mushroom 0.006 91 116 204 227
eggplant 0.005 122 108 227 227
mushroom 0.005 157 121 227 227
cucumber 0.005 0 147 60 227
cucumber 0.005 10 164 88 227
eggplant 0.005 27 162 135 227
mushroom 0.004 43 141 188 227
mushroom 0.005 78 142 211 227
eggplant 0.007 121 152 227 227
cucumber 0.005 156 157 227 227