eggplant 0.000 0 0 47 76
cucumber 0.000 0 0 123 68
eggplant 0.000 43 0 130 111
eggplant 0.000 60 0 181 76
eggplant 0.000 49 0 227 78
mushroom 0.000 120 0 226 93
cucumber 0.000 130 0 227 70
cucumber 0.000 0 7 69 101
mushroom 0.000 0 7 111 92
mushroom 0.000 35 18 120 92
eggplant 0.000 43 0 198 114
mushroom 0.000 51 13 227 103
eggplant 0.000 162 0 196 122
eggplant 0.000 201 11 227 92
eggplant 0.000 0 9 100 162
mushroom 0.000 0 0 112 159
mushroom 0.000 30 48 107 98
mushroom 0.000 0 25 211 168
eggplant 0.000 30 1 227 193
mushroom 0.000 141 65 199 103
mushroom 0.000 181 35 227 130
cucumber 0.000 0 70 82 159
eggplant 0.000 57 20 72 227
mushroom 0.000 44 4 101 191
eggplant 0.009 2 19 227 227
eggplant 0.003 19 0 227 204
mushroom 0.000 173 29 174 227
eggplant 0.000 176 50 227 188
eggplant 0.000 0 59 41 217
eggplant 0.000 0 107 92 197
mushroom 0.000 0 108 166 151
mushroom 0.001 0 31 206 227
mushroom 0.000 120 43 138 216
mushroom 0.000 145 71 191 202
eggplant 0.000 144 90 227 186
eggplant 0.000 0 87 99 227
eggplant 0.000 0 113 110 223
cucumber 0.000 0 96 175 227
mushroom 0.000 43 103 194 227
eggplant 0.000 89 130 201 223
mushroom 0.000 176 76 186 227
cucumber 0.000 188 131 227 212
eggplant 0.000 0 126 91 227
mushroom 0.000 0 143 110 227
cucumber 0.000 13 183 138 225
mushroom 0.000 77 153 143 227
eggplant 0.000 46 162 227 227
mushroom 0.000 112 141 227 227
cucumber 0.000 163 143 227 227