eggplant 0.006 0 0 68 72
cucumber 0.003 0 0 106 90
mushroom 0.004 12 0 146 61
eggplant 0.003 69 0 156 58
eggplant 0.004 68 0 224 83
cucumber 0.004 132 0 221 85
mushroom 0.005 150 0 227 87
cucumber 0.003 0 0 75 100
mushroom 0.004 0 2 122 99
cucumber 0.004 27 0 133 114
cucumber 0.003 64 0 154 102
mushroom 0.004 94 0 206 101
mushroom 0.004 125 0 227 95
mushroom 0.003 161 0 227 95
eggplant 0.004 0 16 82 147
cucumber 0.004 0 7 121 143
eggplant 0.005 21 26 127 145
eggplant 0.002 42 23 190 144
eggplant 0.035 62 31 202 160
mushroom 0.004 127 44 227 119
eggplant 0.004 164 18 227 143
cucumber 0.005 0 57 77 171
eggplant 0.008 23 41 96 196
mushroom 0.010 24 48 117 160
mushroom 0.967 69 50 164 165
mushroom 0.007 60 6 212 188
mushroom 0.009 161 45 192 203
mushroom 0.004 158 73 227 161
mushroom 0.004 0 66 71 219
eggplant 0.004 0 98 112 200
mushroom 0.008 0 62 203 203
mushroom 0.019 86 62 148 211
mushroom 0.029 83 73 182 192
cucumber 0.003 120 92 225 195
eggplant 0.004 156 85 227 200
mushroom 0.003 0 108 83 227
mushroom 0.004 0 110 98 227
eggplant 0.004 53 112 116 227
mushroom 0.004 35 130 187 223
mushroom 0.004 93 114 200 227
cucumber 0.004 137 102 218 227
cucumber 0.004 145 115 227 227
cucumber 0.004 0 140 74 227
mushroom 0.002 0 153 97 227
cucumber 0.003 9 160 148 227
mushroom 0.004 43 141 189 227
mushroom 0.004 82 137 209 227
eggplant 0.005 123 154 227 227
cucumber 0.004 145 151 227 227