eggplant 0.002 0 0 78 87
cucumber 0.004 0 0 100 67
mushroom 0.002 20 0 140 68
eggplant 0.002 70 0 163 76
eggplant 0.003 75 0 220 76
cucumber 0.003 126 0 227 60
cucumber 0.002 136 0 227 85
cucumber 0.002 0 0 81 108
mushroom 0.002 0 0 115 111
eggplant 0.004 31 0 127 120
mushroom 0.003 59 2 166 99
mushroom 0.003 92 0 201 104
eggplant 0.002 118 4 227 91
mushroom 0.002 163 0 227 106
eggplant 0.004 0 36 69 123
cucumber 0.002 0 18 103 147
eggplant 0.002 24 22 129 147
eggplant 0.009 33 49 211 140
eggplant 0.007 100 17 195 143
mushroom 0.002 116 44 227 122
eggplant 0.003 166 18 227 141
cucumber 0.003 0 66 53 169
eggplant 0.005 29 20 83 227
eggplant 0.001 27 40 115 169
cucumber 0.996 24 68 215 155
cucumber 0.002 67 6 213 188
mushroom 0.004 151 70 191 185
cucumber 0.002 159 45 227 186
eggplant 0.003 0 83 62 204
eggplant 0.002 0 92 98 205
eggplant 0.003 0 51 206 212
cucumber 0.001 44 63 207 206
mushroom 0.009 95 63 169 202
cucumber 0.002 120 94 223 193
eggplant 0.003 137 95 227 202
cucumber 0.003 0 128 94 227
cucumber 0.002 0 112 110 227
eggplant 0.002 44 119 121 227
mushroom 0.003 45 129 189 220
mushroom 0.003 96 120 190 221
cucumber 0.003 138 130 218 227
cucumber 0.003 150 111 227 227
cucumber 0.002 0 135 63 227
mushroom 0.003 0 149 96 227
eggplant 0.002 18 160 142 227
mushroom 0.002 68 149 167 227
mushroom 0.002 83 135 212 227
eggplant 0.002 127 139 227 227
cucumber 0.002 154 153 227 227