eggplant 0.006 0 0 63 85
cucumber 0.005 0 0 99 66
mushroom 0.005 30 0 132 76
eggplant 0.006 66 0 163 75
eggplant 0.006 79 0 202 73
cucumber 0.005 137 0 218 57
mushroom 0.006 145 0 227 67
cucumber 0.006 0 0 58 109
mushroom 0.007 0 0 106 99
eggplant 0.005 9 0 144 97
eggplant 0.004 68 0 165 105
mushroom 0.005 92 0 209 107
eggplant 0.006 127 8 227 95
mushroom 0.005 163 0 227 105
eggplant 0.004 0 25 63 130
eggplant 0.004 0 25 113 143
eggplant 0.006 26 27 137 132
cucumber 0.840 25 39 207 147
eggplant 0.024 92 29 205 130
mushroom 0.004 128 9 227 145
cucumber 0.005 150 17 227 142
cucumber 0.006 0 67 78 157
eggplant 0.010 21 39 94 194
mushroom 0.104 29 42 126 165
cucumber 0.007 30 43 194 194
mushroom 0.095 88 41 224 178
mushroom 0.024 168 58 189 192
cucumber 0.006 145 59 227 172
eggplant 0.009 0 89 68 201
eggplant 0.005 0 109 94 180
mushroom 0.027 0 75 200 190
mushroom 0.022 20 49 187 214
mushroom 0.089 93 60 175 211
cucumber 0.004 121 98 227 197
eggplant 0.008 153 81 227 209
eggplant 0.006 0 113 85 227
eggplant 0.006 0 120 116 227
eggplant 0.007 38 118 124 227
mushroom 0.004 48 117 179 227
cucumber 0.006 86 114 206 227
mushroom 0.004 119 112 227 227
cucumber 0.006 151 110 227 227
mushroom 0.009 0 151 72 227
mushroom 0.006 0 148 116 227
cucumber 0.004 21 162 148 227
eggplant 0.005 55 132 182 227
eggplant 0.007 72 165 215 227
eggplant 0.004 123 157 227 227
cucumber 0.006 152 160 227 227