eggplant 0.005 0 0 83 86
cucumber 0.006 4 0 95 66
mushroom 0.005 24 0 139 70
eggplant 0.004 67 0 163 78
eggplant 0.006 77 0 220 78
cucumber 0.005 129 0 227 64
mushroom 0.004 140 0 227 80
cucumber 0.006 0 0 81 107
mushroom 0.004 1 0 99 112
eggplant 0.006 30 0 129 116
mushroom 0.006 58 0 166 102
mushroom 0.006 94 0 198 107
eggplant 0.005 118 0 227 98
mushroom 0.005 151 13 227 86
eggplant 0.006 0 32 67 130
cucumber 0.005 0 19 107 140
eggplant 0.006 24 25 128 144
eggplant 0.014 36 44 206 143
eggplant 0.019 63 26 203 163
mushroom 0.005 114 41 227 123
eggplant 0.005 168 23 227 134
cucumber 0.005 0 59 53 171
eggplant 0.012 25 47 92 190
eggplant 0.005 26 48 113 164
cucumber 0.978 20 81 203 145
cucumber 0.008 68 10 207 183
mushroom 0.011 144 62 199 189
cucumber 0.004 156 48 227 184
eggplant 0.007 0 88 66 199
eggplant 0.005 0 95 101 201
eggplant 0.005 0 58 202 207
cucumber 0.006 51 64 191 206
mushroom 0.017 90 65 176 201
cucumber 0.004 122 94 222 198
eggplant 0.005 143 90 227 207
cucumber 0.004 0 129 93 227
cucumber 0.004 0 114 108 227
eggplant 0.004 38 115 125 227
mushroom 0.006 45 130 187 220
mushroom 0.005 96 122 191 219
cucumber 0.006 133 114 226 227
cucumber 0.005 150 113 227 227
cucumber 0.005 0 138 69 227
mushroom 0.005 0 150 100 227
eggplant 0.004 32 155 130 227
mushroom 0.005 61 150 173 227
eggplant 0.004 89 142 201 227
eggplant 0.004 129 144 227 227
cucumber 0.005 145 152 227 227