eggplant 0.005 0 0 78 85
cucumber 0.008 0 0 98 64
mushroom 0.004 24 0 137 72
eggplant 0.005 67 0 164 78
eggplant 0.006 78 0 216 80
cucumber 0.005 127 0 227 67
mushroom 0.004 139 0 227 84
cucumber 0.005 0 0 80 107
mushroom 0.005 0 0 112 107
eggplant 0.006 26 0 131 120
mushroom 0.006 58 0 166 103
mushroom 0.006 90 0 201 109
eggplant 0.005 121 4 227 92
mushroom 0.005 156 0 227 106
eggplant 0.006 0 36 71 125
cucumber 0.004 0 16 105 149
eggplant 0.005 23 24 130 143
eggplant 0.016 32 39 211 148
eggplant 0.015 99 18 195 142
mushroom 0.006 115 39 227 125
eggplant 0.005 163 21 227 138
cucumber 0.006 0 64 56 169
eggplant 0.009 20 49 95 189
eggplant 0.004 26 42 119 169
cucumber 0.992 23 68 213 158
cucumber 0.011 72 7 206 186
mushroom 0.008 146 66 198 187
eggplant 0.004 156 44 227 186
eggplant 0.006 0 86 65 202
eggplant 0.004 0 91 101 207
eggplant 0.004 0 53 203 212
cucumber 0.002 39 73 203 195
mushroom 0.018 92 67 174 200
cucumber 0.004 126 91 219 199
eggplant 0.006 139 90 227 203
cucumber 0.006 0 126 91 227
cucumber 0.004 0 115 110 227
eggplant 0.004 13 121 147 227
mushroom 0.006 44 127 188 222
mushroom 0.007 100 117 188 225
mushroom 0.005 136 128 218 227
cucumber 0.005 150 112 227 227
cucumber 0.005 0 135 66 227
mushroom 0.005 0 152 100 227
eggplant 0.004 21 155 138 227
mushroom 0.005 61 150 171 227
eggplant 0.005 82 139 210 227
eggplant 0.004 119 161 227 227
cucumber 0.005 157 153 227 227