eggplant 0.004 0 0 76 83
cucumber 0.004 0 0 102 71
mushroom 0.003 14 0 145 68
eggplant 0.003 67 0 156 68
eggplant 0.004 84 0 210 72
cucumber 0.004 131 0 225 67
mushroom 0.004 146 0 227 89
cucumber 0.004 0 0 74 104
mushroom 0.003 0 0 120 101
eggplant 0.003 29 0 129 122
mushroom 0.004 56 0 163 115
cucumber 0.005 97 0 197 96
eggplant 0.003 120 0 227 99
mushroom 0.004 148 0 227 98
eggplant 0.005 0 28 72 131
cucumber 0.003 0 12 110 143
eggplant 0.004 21 18 133 147
eggplant 0.002 44 41 196 142
eggplant 0.025 67 31 197 159
mushroom 0.004 115 38 227 123
eggplant 0.004 168 24 227 135
cucumber 0.004 0 65 50 167
eggplant 0.007 26 45 93 192
eggplant 0.003 19 43 122 165
cucumber 0.978 78 32 143 195
cucumber 0.017 64 10 213 184
mushroom 0.007 155 45 197 205
eggplant 0.003 150 73 227 157
eggplant 0.005 0 81 71 202
eggplant 0.003 0 106 89 188
mushroom 0.004 0 59 202 206
cucumber 0.017 60 66 171 205
mushroom 0.011 87 68 177 199
cucumber 0.003 120 89 227 202
eggplant 0.003 163 80 227 203
cucumber 0.004 0 125 93 227
cucumber 0.003 0 117 109 227
eggplant 0.003 45 113 121 227
mushroom 0.005 45 134 186 217
mushroom 0.003 86 118 202 224
mushroom 0.004 131 137 221 222
cucumber 0.004 165 140 227 222
cucumber 0.005 0 137 78 227
mushroom 0.004 0 147 99 227
cucumber 0.003 38 158 120 227
mushroom 0.003 59 147 177 227
mushroom 0.003 86 137 202 227
eggplant 0.003 132 144 224 227
cucumber 0.004 149 144 227 227