eggplant 0.004 0 0 82 88
eggplant 0.006 4 0 96 65
cucumber 0.003 20 0 142 72
eggplant 0.003 70 0 162 78
eggplant 0.005 74 0 222 82
mushroom 0.003 126 0 227 65
mushroom 0.003 144 0 227 61
cucumber 0.004 0 0 51 91
mushroom 0.003 0 0 114 108
eggplant 0.005 27 0 133 122
mushroom 0.005 59 0 163 100
mushroom 0.004 94 0 198 108
eggplant 0.003 119 3 227 92
mushroom 0.004 149 14 227 81
eggplant 0.004 0 37 73 124
cucumber 0.003 0 16 101 148
eggplant 0.004 23 25 131 144
eggplant 0.010 31 39 215 148
eggplant 0.012 96 16 197 143
mushroom 0.004 114 39 227 126
eggplant 0.004 161 20 227 139
cucumber 0.004 0 63 54 170
eggplant 0.006 23 48 94 190
eggplant 0.003 26 43 114 168
cucumber 0.995 22 72 215 145
cucumber 0.007 66 5 212 188
mushroom 0.006 148 66 195 187
cucumber 0.003 159 45 227 185
eggplant 0.004 0 89 65 199
eggplant 0.003 0 92 101 205
eggplant 0.002 0 53 205 211
cucumber 0.001 45 68 199 196
mushroom 0.011 96 68 169 197
cucumber 0.002 126 95 220 195
eggplant 0.004 164 78 227 209
cucumber 0.004 0 127 94 227
cucumber 0.003 0 113 107 227
eggplant 0.003 11 121 148 227
mushroom 0.005 43 127 188 222
mushroom 0.005 100 116 187 224
cucumber 0.004 136 128 219 227
cucumber 0.004 149 110 227 227
cucumber 0.004 0 133 65 227
mushroom 0.004 0 149 98 227
eggplant 0.003 23 156 137 227
mushroom 0.003 63 151 170 227
eggplant 0.003 87 138 205 227
eggplant 0.002 113 163 227 227
cucumber 0.003 147 152 227 227