eggplant 0.004 0 0 80 90
cucumber 0.006 3 0 97 71
mushroom 0.003 19 0 140 74
eggplant 0.004 69 0 163 79
eggplant 0.005 78 0 219 86
mushroom 0.004 128 0 227 72
cucumber 0.004 147 0 227 60
cucumber 0.005 0 0 60 96
mushroom 0.004 0 0 112 103
eggplant 0.004 23 0 137 122
mushroom 0.005 61 0 160 105
mushroom 0.006 98 0 196 100
cucumber 0.003 122 2 227 91
eggplant 0.004 150 2 227 92
eggplant 0.004 0 32 74 129
cucumber 0.003 0 15 107 140
eggplant 0.004 24 29 135 138
eggplant 0.007 29 32 217 155
eggplant 0.042 69 32 197 159
mushroom 0.005 112 37 227 120
eggplant 0.003 160 27 227 135
cucumber 0.005 0 55 54 175
eggplant 0.007 26 24 84 227
eggplant 0.010 23 45 116 166
cucumber 0.986 18 36 214 204
cucumber 0.047 58 51 227 191
mushroom 0.007 145 57 196 195
eggplant 0.003 154 76 227 159
eggplant 0.004 0 58 71 220
eggplant 0.004 0 96 107 200
mushroom 0.002 0 53 203 212
cucumber 0.001 30 79 186 182
mushroom 0.013 89 72 176 195
cucumber 0.003 116 87 227 208
eggplant 0.005 140 81 227 212
cucumber 0.006 0 121 92 227
cucumber 0.003 0 115 111 227
cucumber 0.003 14 125 149 227
mushroom 0.005 42 128 186 221
cucumber 0.005 103 116 187 227
cucumber 0.004 135 102 224 227
cucumber 0.004 149 112 227 227
cucumber 0.005 0 137 68 227
mushroom 0.004 0 147 100 227
cucumber 0.003 22 155 133 227
cucumber 0.004 65 152 168 227
eggplant 0.003 90 142 196 227
eggplant 0.003 115 168 227 227
cucumber 0.005 160 148 227 227