eggplant 0.003 0 0 58 77
cucumber 0.005 6 0 95 65
cucumber 0.003 23 0 138 68
eggplant 0.003 69 0 162 78
eggplant 0.003 73 0 225 84
mushroom 0.004 125 0 227 60
mushroom 0.003 137 0 227 84
cucumber 0.003 0 0 82 103
mushroom 0.003 0 0 120 108
eggplant 0.005 29 0 131 118
mushroom 0.003 62 5 165 95
mushroom 0.003 98 0 199 108
eggplant 0.003 121 2 227 89
mushroom 0.003 149 18 227 80
eggplant 0.004 0 42 74 119
cucumber 0.003 0 20 100 146
eggplant 0.003 20 32 130 139
eggplant 0.045 24 42 194 148
eggplant 0.016 62 23 201 168
mushroom 0.003 129 14 222 140
eggplant 0.003 169 19 227 140
cucumber 0.004 0 65 50 167
eggplant 0.006 25 22 86 227
eggplant 0.002 33 42 109 167
cucumber 0.987 18 64 212 140
cucumber 0.005 89 46 227 178
mushroom 0.006 151 65 191 188
cucumber 0.003 163 51 227 180
eggplant 0.004 0 84 64 205
eggplant 0.003 0 102 93 193
mushroom 0.002 0 56 205 207
mushroom 0.000 55 61 192 205
mushroom 0.011 95 63 169 202
cucumber 0.003 116 82 227 209
eggplant 0.003 162 79 227 211
cucumber 0.004 0 130 96 227
cucumber 0.002 2 107 101 227
eggplant 0.003 43 119 122 227
mushroom 0.004 42 128 189 219
mushroom 0.004 101 116 189 226
cucumber 0.003 139 129 218 227
cucumber 0.004 141 111 227 227
cucumber 0.004 0 131 63 227
mushroom 0.003 0 148 101 227
eggplant 0.003 29 157 132 227
eggplant 0.003 69 146 165 227
eggplant 0.002 85 139 207 227
eggplant 0.002 138 146 222 227
cucumber 0.003 145 156 227 227