eggplant 0.003 0 0 81 87
cucumber 0.004 2 0 100 66
mushroom 0.002 22 0 137 76
eggplant 0.003 76 0 153 76
mushroom 0.003 89 0 206 83
cucumber 0.003 123 0 227 72
cucumber 0.003 151 0 227 68
cucumber 0.003 0 0 56 92
mushroom 0.002 0 0 110 106
eggplant 0.003 32 0 126 124
mushroom 0.003 60 0 160 108
cucumber 0.004 90 0 205 103
eggplant 0.002 121 3 227 94
mushroom 0.003 146 0 227 99
eggplant 0.004 0 20 70 137
eggplant 0.002 0 17 92 145
eggplant 0.003 21 26 140 138
eggplant 0.004 26 41 220 147
eggplant 0.027 69 32 195 159
mushroom 0.004 107 41 227 118
mushroom 0.003 160 28 227 137
cucumber 0.003 0 51 57 180
eggplant 0.005 26 47 91 190
eggplant 0.001 28 43 121 163
cucumber 0.968 25 48 214 201
cucumber 0.170 63 63 227 189
mushroom 0.005 156 50 193 203
eggplant 0.002 149 74 227 156
eggplant 0.003 0 54 75 224
eggplant 0.002 1 94 97 202
eggplant 0.001 0 56 204 210
cucumber 0.021 21 61 206 198
mushroom 0.010 91 70 173 198
cucumber 0.002 112 90 227 207
eggplant 0.003 167 81 227 208
cucumber 0.003 0 123 85 227
cucumber 0.002 0 117 113 227
eggplant 0.002 45 112 117 227
mushroom 0.004 41 127 192 220
cucumber 0.003 101 120 187 220
cucumber 0.003 133 131 221 227
cucumber 0.003 168 132 227 227
cucumber 0.003 0 130 77 227
mushroom 0.003 0 147 103 227
cucumber 0.003 34 154 126 227
mushroom 0.002 65 148 169 227
eggplant 0.003 88 135 199 227
eggplant 0.002 122 161 227 227
cucumber 0.003 165 148 227 227