cucumber 0.003 0 0 82 69
cucumber 0.003 0 0 117 76
mushroom 0.003 38 0 129 70
eggplant 0.003 69 0 163 65
eggplant 0.002 84 0 206 88
cucumber 0.002 123 0 227 68
cucumber 0.003 162 0 227 72
cucumber 0.003 0 0 63 106
mushroom 0.003 0 0 105 108
mushroom 0.003 18 0 143 112
eggplant 0.003 60 0 159 120
cucumber 0.003 74 0 216 103
cucumber 0.003 134 0 223 106
mushroom 0.003 135 0 227 110
mushroom 0.004 0 12 60 148
eggplant 0.002 0 7 106 153
eggplant 0.003 27 19 127 141
cucumber 0.001 36 42 198 140
eggplant 0.013 105 19 194 152
cucumber 0.004 117 49 227 110
eggplant 0.003 150 38 227 132
cucumber 0.003 0 52 59 174
eggplant 0.017 35 38 83 193
mushroom 0.003 18 34 120 175
cucumber 0.005 32 75 186 182
cucumber 0.028 73 5 198 188
mushroom 0.008 156 45 190 202
eggplant 0.003 133 38 227 181
eggplant 0.003 0 100 75 183
eggplant 0.003 13 91 87 201
mushroom 0.020 0 74 201 191
cucumber 0.975 8 133 197 174
mushroom 0.018 80 78 184 191
eggplant 0.001 120 88 227 208
eggplant 0.002 176 80 227 214
eggplant 0.003 0 120 85 227
mushroom 0.004 0 127 112 227
eggplant 0.003 49 110 116 227
mushroom 0.004 61 132 179 226
cucumber 0.003 79 131 205 213
cucumber 0.004 124 136 226 219
cucumber 0.003 168 131 227 226
cucumber 0.004 0 144 74 227
mushroom 0.003 7 153 93 227
cucumber 0.002 39 153 126 227
mushroom 0.003 49 148 186 227
eggplant 0.004 79 164 216 227
eggplant 0.003 107 161 227 227
cucumber 0.004 153 146 227 227