eggplant 0.004 0 0 83 86
cucumber 0.007 0 0 98 63
mushroom 0.004 22 0 140 74
eggplant 0.005 71 0 160 78
eggplant 0.005 80 0 215 83
cucumber 0.005 126 0 227 66
cucumber 0.003 146 0 227 67
cucumber 0.004 0 0 81 107
mushroom 0.004 0 0 114 107
eggplant 0.005 30 0 128 120
mushroom 0.005 54 0 169 104
cucumber 0.005 93 0 199 110
eggplant 0.004 121 4 227 92
mushroom 0.004 148 12 227 87
eggplant 0.005 0 36 68 124
cucumber 0.004 0 18 102 147
eggplant 0.004 23 26 130 142
eggplant 0.019 29 41 215 145
eggplant 0.013 99 19 194 142
mushroom 0.004 114 39 227 124
eggplant 0.005 164 22 227 137
cucumber 0.005 0 63 55 169
eggplant 0.008 23 46 93 191
eggplant 0.004 27 42 115 169
cucumber 0.989 24 77 212 148
cucumber 0.012 74 10 204 184
mushroom 0.008 146 65 196 188
eggplant 0.004 158 50 227 181
eggplant 0.006 0 90 67 199
eggplant 0.004 1 91 95 206
eggplant 0.004 0 55 203 209
cucumber 0.004 17 74 203 185
mushroom 0.013 95 67 171 199
cucumber 0.003 126 97 221 195
eggplant 0.004 142 84 227 209
cucumber 0.005 0 128 89 227
cucumber 0.003 0 118 109 227
eggplant 0.004 14 123 146 227
mushroom 0.005 46 127 188 224
mushroom 0.005 100 118 188 223
cucumber 0.005 138 128 215 227
cucumber 0.004 149 111 227 227
cucumber 0.005 0 133 67 227
mushroom 0.004 0 151 101 227
eggplant 0.004 30 154 130 227
mushroom 0.004 60 149 173 227
eggplant 0.004 83 139 207 227
eggplant 0.003 128 139 227 227
cucumber 0.004 154 154 227 227