eggplant 0.004 0 0 77 87
cucumber 0.007 2 0 97 68
mushroom 0.004 26 0 136 77
eggplant 0.005 71 0 160 76
eggplant 0.006 82 0 212 81
mushroom 0.005 126 0 227 71
cucumber 0.005 150 0 227 64
cucumber 0.006 0 0 63 99
mushroom 0.006 0 0 106 104
eggplant 0.006 11 0 150 108
mushroom 0.005 59 0 163 104
mushroom 0.008 99 0 195 107
eggplant 0.005 125 4 227 93
eggplant 0.005 146 3 227 94
eggplant 0.005 0 29 72 130
cucumber 0.004 0 9 96 152
eggplant 0.005 23 31 134 135
eggplant 0.013 32 36 189 153
eggplant 0.038 70 34 197 155
mushroom 0.006 113 38 227 121
mushroom 0.004 164 30 227 133
cucumber 0.006 0 57 58 173
eggplant 0.010 22 50 92 186
eggplant 0.011 23 52 118 160
cucumber 0.953 10 48 210 200
cucumber 0.097 62 58 223 189
mushroom 0.010 142 55 198 197
eggplant 0.004 145 66 227 165
eggplant 0.005 0 90 69 195
eggplant 0.005 0 97 100 200
mushroom 0.004 0 55 201 212
cucumber 0.007 16 53 204 207
mushroom 0.017 90 71 177 198
cucumber 0.004 117 86 227 210
eggplant 0.006 141 85 227 207
mushroom 0.006 0 120 91 227
cucumber 0.004 0 115 110 227
cucumber 0.004 19 122 145 227
mushroom 0.005 43 117 186 227
cucumber 0.006 104 120 187 227
cucumber 0.005 135 107 221 227
cucumber 0.006 163 128 227 227
cucumber 0.005 0 136 72 227
mushroom 0.005 0 149 107 227
cucumber 0.004 31 158 132 227
mushroom 0.005 61 152 171 227
eggplant 0.005 87 139 199 227
eggplant 0.003 117 162 227 227
cucumber 0.006 158 152 227 227