eggplant 0.005 0 0 77 81
cucumber 0.007 0 0 103 67
cucumber 0.004 20 0 142 70
eggplant 0.006 66 0 164 76
eggplant 0.007 83 0 212 80
cucumber 0.005 125 0 227 65
cucumber 0.005 148 0 227 69
cucumber 0.006 0 0 80 109
mushroom 0.005 0 0 113 109
eggplant 0.006 32 0 125 122
mushroom 0.006 56 0 166 106
cucumber 0.006 85 0 207 105
eggplant 0.005 123 3 227 94
mushroom 0.005 143 5 227 91
eggplant 0.007 0 30 69 131
cucumber 0.004 0 15 102 146
eggplant 0.006 24 23 131 142
eggplant 0.013 31 39 209 146
eggplant 0.020 103 18 191 141
mushroom 0.006 119 41 227 122
eggplant 0.006 162 22 227 140
cucumber 0.006 0 62 60 170
eggplant 0.010 21 45 94 191
eggplant 0.002 28 42 118 169
cucumber 0.972 25 82 207 154
cucumber 0.009 74 13 206 181
mushroom 0.009 153 52 200 199
eggplant 0.005 152 46 227 184
eggplant 0.006 0 90 66 200
eggplant 0.005 0 89 96 209
eggplant 0.007 0 59 202 207
cucumber 0.030 38 74 206 197
mushroom 0.019 92 73 174 195
mushroom 0.004 127 93 218 198
eggplant 0.005 162 78 227 211
mushroom 0.005 0 130 85 227
cucumber 0.005 0 115 114 227
eggplant 0.005 43 119 121 227
mushroom 0.007 46 129 187 221
mushroom 0.007 95 118 191 223
mushroom 0.006 133 127 220 227
cucumber 0.005 154 111 227 227
cucumber 0.006 0 141 70 227
mushroom 0.005 0 155 98 227
cucumber 0.005 20 158 139 227
mushroom 0.005 60 153 173 227
eggplant 0.005 88 140 203 227
eggplant 0.004 117 162 227 227
eggplant 0.005 149 153 227 227