cucumber 0.005 0 0 73 75
cucumber 0.005 0 0 116 66
mushroom 0.004 19 0 140 86
eggplant 0.006 77 0 155 70
cucumber 0.005 87 0 202 85
cucumber 0.004 120 0 227 66
cucumber 0.005 157 0 227 77
cucumber 0.005 0 0 61 105
mushroom 0.004 0 0 103 106
mushroom 0.005 19 0 138 108
mushroom 0.004 50 0 186 106
cucumber 0.005 90 0 202 111
eggplant 0.005 129 0 227 103
mushroom 0.005 169 0 227 106
mushroom 0.007 0 13 63 147
eggplant 0.004 0 14 86 137
eggplant 0.005 30 25 132 137
cucumber 0.007 31 48 201 132
eggplant 0.023 109 21 189 143
cucumber 0.006 119 48 227 116
eggplant 0.004 154 45 227 123
cucumber 0.004 0 55 60 173
eggplant 0.014 30 39 86 191
mushroom 0.003 28 42 125 165
cucumber 0.024 16 78 205 179
cucumber 0.051 67 63 220 190
mushroom 0.014 154 49 192 199
eggplant 0.004 151 45 227 181
eggplant 0.005 0 69 74 217
eggplant 0.005 0 111 95 178
eggplant 0.034 0 69 197 200
cucumber 0.966 19 84 212 181
mushroom 0.022 84 74 182 199
mushroom 0.002 116 84 227 216
eggplant 0.004 170 83 227 214
eggplant 0.005 0 117 77 227
eggplant 0.005 0 123 118 227
eggplant 0.005 44 109 118 227
mushroom 0.006 52 130 185 226
cucumber 0.004 89 128 199 214
eggplant 0.005 129 134 219 221
cucumber 0.005 166 135 227 227
cucumber 0.007 0 134 73 227
mushroom 0.004 3 150 99 227
cucumber 0.004 23 154 139 227
mushroom 0.003 55 150 178 227
eggplant 0.007 82 161 210 227
eggplant 0.004 122 158 227 227
cucumber 0.005 156 149 227 227