eggplant 0.003 0 0 85 88
cucumber 0.005 6 0 96 67
cucumber 0.003 19 0 144 66
eggplant 0.003 72 0 150 70
eggplant 0.005 74 0 224 79
cucumber 0.003 125 0 227 61
cucumber 0.003 140 0 227 85
cucumber 0.004 0 0 80 111
mushroom 0.003 0 0 119 107
eggplant 0.005 29 0 130 120
mushroom 0.004 59 0 164 100
mushroom 0.004 92 0 200 105
eggplant 0.004 118 4 227 89
mushroom 0.003 149 14 227 82
eggplant 0.004 0 39 72 123
cucumber 0.003 0 18 100 146
eggplant 0.004 24 24 126 147
eggplant 0.008 14 39 195 151
eggplant 0.012 94 15 200 142
mushroom 0.003 116 44 227 122
eggplant 0.004 164 22 227 137
cucumber 0.004 0 66 54 168
eggplant 0.007 27 47 92 193
eggplant 0.003 26 45 110 169
cucumber 0.990 32 81 202 124
cucumber 0.003 63 4 217 189
mushroom 0.007 145 64 197 189
cucumber 0.003 159 46 227 185
eggplant 0.004 0 85 63 202
eggplant 0.003 0 93 103 204
eggplant 0.003 0 57 205 206
cucumber 0.001 59 66 189 202
mushroom 0.010 92 71 172 193
mushroom 0.002 123 95 222 193
eggplant 0.003 160 79 227 208
cucumber 0.004 0 131 92 227
cucumber 0.003 0 108 103 227
eggplant 0.003 46 118 121 227
mushroom 0.006 44 131 186 219
mushroom 0.004 94 117 191 225
cucumber 0.004 137 133 220 226
cucumber 0.004 148 111 227 227
cucumber 0.004 0 134 67 227
mushroom 0.003 0 151 94 227
eggplant 0.003 22 157 139 227
mushroom 0.003 63 150 171 227
mushroom 0.003 87 139 204 227
eggplant 0.003 131 147 227 227
cucumber 0.003 147 153 227 227