eggplant 0.003 0 0 79 89
cucumber 0.004 4 0 97 69
mushroom 0.002 20 0 139 71
eggplant 0.003 65 0 167 79
eggplant 0.003 73 0 224 84
mushroom 0.003 133 0 223 68
mushroom 0.003 148 0 227 58
cucumber 0.003 0 0 60 100
mushroom 0.003 0 0 117 102
eggplant 0.003 8 0 154 105
mushroom 0.003 59 0 160 109
mushroom 0.005 98 0 198 99
cucumber 0.002 122 1 227 91
eggplant 0.003 149 5 227 91
eggplant 0.003 0 34 74 128
cucumber 0.002 0 12 111 142
eggplant 0.003 23 28 131 141
eggplant 0.007 35 37 193 153
eggplant 0.037 68 27 197 164
mushroom 0.003 115 39 227 119
eggplant 0.002 162 27 227 131
cucumber 0.004 0 61 54 170
eggplant 0.005 25 22 86 227
eggplant 0.017 19 42 115 169
cucumber 0.981 28 28 202 199
cucumber 0.017 55 6 217 188
mushroom 0.006 146 57 193 196
mushroom 0.002 156 78 227 159
eggplant 0.003 0 81 72 202
eggplant 0.003 0 99 110 199
mushroom 0.002 0 55 204 209
mushroom 0.001 38 69 184 193
mushroom 0.010 91 66 173 198
cucumber 0.002 118 86 227 209
eggplant 0.004 139 81 227 213
cucumber 0.004 0 122 95 227
cucumber 0.002 0 116 109 227
cucumber 0.002 17 124 148 227
mushroom 0.003 41 130 185 219
cucumber 0.003 100 114 191 227
mushroom 0.003 138 99 221 227
cucumber 0.004 145 112 227 227
cucumber 0.003 0 133 67 227
mushroom 0.003 0 150 99 227
cucumber 0.002 35 163 127 227
mushroom 0.003 65 149 168 227
eggplant 0.002 85 142 200 227
eggplant 0.002 114 171 227 227
cucumber 0.003 159 150 227 227