eggplant 0.003 0 0 77 84
cucumber 0.004 0 0 104 67
mushroom 0.002 19 0 140 78
eggplant 0.003 76 0 156 74
mushroom 0.003 87 0 206 80
cucumber 0.003 122 0 227 68
cucumber 0.003 152 0 227 69
cucumber 0.003 0 0 82 106
mushroom 0.002 0 0 108 108
eggplant 0.003 32 0 124 123
mushroom 0.003 57 0 163 108
cucumber 0.004 89 0 202 106
eggplant 0.002 119 5 227 92
mushroom 0.003 146 0 227 97
eggplant 0.004 0 23 67 134
eggplant 0.002 0 16 94 145
eggplant 0.003 24 20 134 145
eggplant 0.003 32 48 212 139
eggplant 0.011 104 17 192 145
mushroom 0.004 114 46 227 118
eggplant 0.003 161 25 227 137
cucumber 0.003 0 62 53 171
eggplant 0.006 27 43 91 193
eggplant 0.001 24 38 122 171
cucumber 0.971 21 75 205 175
cucumber 0.017 72 9 205 184
mushroom 0.005 155 49 195 203
eggplant 0.003 154 44 227 185
eggplant 0.003 0 58 75 220
eggplant 0.002 6 92 91 204
eggplant 0.004 0 55 203 210
cucumber 0.114 25 76 211 192
mushroom 0.011 92 71 172 196
cucumber 0.002 128 95 217 199
eggplant 0.003 166 77 227 213
mushroom 0.003 0 128 86 227
cucumber 0.002 0 120 118 227
eggplant 0.002 45 112 119 227
mushroom 0.004 47 131 189 222
mushroom 0.003 96 122 191 217
mushroom 0.003 135 133 217 227
cucumber 0.003 156 110 227 227
cucumber 0.003 0 129 73 227
mushroom 0.003 0 148 99 227
cucumber 0.003 21 156 139 227
mushroom 0.002 59 150 176 227
eggplant 0.003 91 135 199 227
eggplant 0.002 121 159 227 227
cucumber 0.003 163 154 227 227