eggplant 0.003 0 0 79 86
cucumber 0.004 0 0 101 68
mushroom 0.003 21 0 139 81
eggplant 0.003 77 0 155 74
eggplant 0.003 86 0 207 79
cucumber 0.003 122 0 227 71
cucumber 0.003 153 0 227 62
cucumber 0.003 0 0 53 92
mushroom 0.002 0 0 110 108
eggplant 0.003 30 0 127 123
mushroom 0.003 58 0 161 107
cucumber 0.004 93 0 198 105
eggplant 0.002 119 5 227 91
eggplant 0.003 147 1 227 93
eggplant 0.004 0 27 69 132
eggplant 0.002 0 15 94 148
eggplant 0.004 22 24 136 141
eggplant 0.004 31 42 215 145
eggplant 0.011 67 29 198 160
mushroom 0.004 113 41 227 121
eggplant 0.003 161 26 227 135
cucumber 0.003 0 62 55 172
eggplant 0.006 26 45 92 191
eggplant 0.002 26 45 120 164
cucumber 0.990 15 68 204 179
cucumber 0.025 71 67 225 180
mushroom 0.005 147 61 193 193
eggplant 0.003 155 43 227 186
eggplant 0.003 0 54 74 223
eggplant 0.002 1 89 95 206
eggplant 0.003 0 54 204 211
cucumber 0.018 14 63 213 196
mushroom 0.010 91 70 173 197
cucumber 0.002 115 81 227 214
eggplant 0.003 163 75 227 212
cucumber 0.004 0 121 90 227
cucumber 0.002 0 119 117 227
eggplant 0.002 12 124 148 227
mushroom 0.004 49 130 186 221
cucumber 0.003 100 122 189 219
mushroom 0.003 135 136 216 226
cucumber 0.003 152 112 227 227
cucumber 0.003 0 130 77 227
mushroom 0.003 0 147 101 227
cucumber 0.002 21 153 138 227
mushroom 0.003 58 150 175 227
eggplant 0.003 89 136 200 227
eggplant 0.002 121 162 227 227
cucumber 0.003 160 152 227 227