eggplant 0.003 0 0 84 83
cucumber 0.003 0 0 103 70
mushroom 0.003 16 0 149 71
eggplant 0.003 66 0 167 72
eggplant 0.004 80 0 215 79
cucumber 0.003 128 0 222 84
cucumber 0.003 146 0 227 84
cucumber 0.002 0 0 78 115
mushroom 0.002 0 0 99 114
eggplant 0.003 30 0 126 117
mushroom 0.003 61 0 159 110
cucumber 0.003 93 0 199 108
eggplant 0.003 126 5 227 93
mushroom 0.003 143 8 227 91
eggplant 0.003 0 30 67 132
cucumber 0.002 0 13 96 147
eggplant 0.003 25 17 125 150
eggplant 0.002 38 39 206 146
eggplant 0.009 104 16 191 147
cucumber 0.003 121 43 227 120
eggplant 0.003 164 23 227 139
cucumber 0.004 0 63 56 169
eggplant 0.010 30 43 89 193
eggplant 0.003 22 43 115 170
cucumber 0.960 26 81 191 153
cucumber 0.003 68 1 210 192
mushroom 0.006 146 65 194 189
eggplant 0.003 150 43 227 189
eggplant 0.003 0 89 65 194
eggplant 0.003 1 91 96 204
eggplant 0.007 0 61 204 203
cucumber 0.073 40 84 203 196
mushroom 0.011 89 74 176 191
mushroom 0.002 126 94 219 197
eggplant 0.002 162 77 227 213
mushroom 0.003 0 129 88 227
cucumber 0.003 0 119 110 227
eggplant 0.002 46 116 121 227
mushroom 0.004 52 134 180 219
cucumber 0.003 88 121 198 221
mushroom 0.003 136 135 218 224
cucumber 0.003 147 105 227 227
cucumber 0.003 0 138 76 227
mushroom 0.003 0 151 93 227
eggplant 0.002 36 157 123 227
mushroom 0.003 55 149 179 227
mushroom 0.003 90 138 198 227
eggplant 0.003 120 138 227 227
cucumber 0.003 151 151 227 227