cucumber 0.003 0 0 73 77
cucumber 0.003 0 0 114 67
mushroom 0.002 34 0 136 69
eggplant 0.004 82 0 152 65
cucumber 0.003 86 0 200 86
cucumber 0.002 119 0 227 69
cucumber 0.003 160 0 227 77
cucumber 0.003 0 0 63 109
mushroom 0.002 0 0 103 103
mushroom 0.003 16 0 141 109
mushroom 0.002 58 0 165 117
cucumber 0.003 94 0 199 112
eggplant 0.003 131 0 225 103
mushroom 0.003 170 0 227 102
mushroom 0.004 0 8 65 149
eggplant 0.003 1 14 84 136
eggplant 0.003 31 24 129 138
mushroom 0.003 30 54 202 130
eggplant 0.014 112 21 188 146
cucumber 0.004 118 49 227 116
eggplant 0.002 152 42 227 125
cucumber 0.002 0 52 55 176
eggplant 0.011 35 38 83 190
mushroom 0.002 28 42 125 164
cucumber 0.011 9 73 206 185
cucumber 0.058 65 62 219 191
mushroom 0.010 155 47 191 201
eggplant 0.002 154 44 227 183
eggplant 0.003 0 103 74 181
eggplant 0.003 0 113 91 175
eggplant 0.021 0 68 200 200
cucumber 0.983 12 83 218 186
mushroom 0.019 82 76 183 196
mushroom 0.001 117 86 227 216
mushroom 0.003 172 81 227 216
eggplant 0.003 0 118 77 227
mushroom 0.003 0 121 120 227
eggplant 0.003 47 106 115 227
mushroom 0.004 53 132 185 223
cucumber 0.002 88 133 199 209
eggplant 0.004 127 138 220 218
cucumber 0.003 169 138 227 222
cucumber 0.004 0 134 73 227
mushroom 0.002 0 149 101 227
cucumber 0.002 23 153 139 227
mushroom 0.002 53 150 180 227
eggplant 0.004 83 165 210 227
eggplant 0.002 109 140 227 227
cucumber 0.004 169 151 227 227