eggplant 0.003 0 0 81 89
cucumber 0.004 0 0 98 67
mushroom 0.002 24 0 136 77
eggplant 0.003 76 0 155 79
eggplant 0.003 79 0 214 85
mushroom 0.003 124 0 227 72
eggplant 0.002 144 0 227 86
cucumber 0.003 0 0 54 92
mushroom 0.003 0 0 110 105
eggplant 0.003 29 0 129 122
mushroom 0.004 59 0 162 104
cucumber 0.004 97 0 198 101
eggplant 0.002 119 4 227 90
eggplant 0.003 147 5 227 90
eggplant 0.003 0 30 72 127
eggplant 0.002 0 15 98 150
eggplant 0.003 22 29 138 138
eggplant 0.014 25 41 221 148
eggplant 0.016 66 26 198 164
mushroom 0.003 110 35 227 124
eggplant 0.002 158 23 227 140
cucumber 0.003 0 58 56 175
eggplant 0.006 24 49 93 190
eggplant 0.003 29 42 117 164
cucumber 0.990 10 38 217 199
cucumber 0.035 63 56 227 183
mushroom 0.005 156 50 195 205
eggplant 0.002 163 46 227 183
eggplant 0.003 0 53 75 223
eggplant 0.002 0 110 95 188
mushroom 0.002 0 52 205 212
cucumber 0.001 12 52 203 207
mushroom 0.010 93 69 171 198
cucumber 0.002 116 87 227 209
eggplant 0.003 139 81 227 212
cucumber 0.004 0 119 94 227
cucumber 0.002 0 116 111 227
cucumber 0.002 10 126 150 227
cucumber 0.003 45 126 188 222
cucumber 0.003 106 117 185 226
cucumber 0.003 139 133 216 227
cucumber 0.003 166 127 227 227
cucumber 0.003 0 129 81 227
mushroom 0.003 0 141 103 227
cucumber 0.002 20 152 134 227
cucumber 0.002 64 152 168 227
eggplant 0.003 88 142 199 227
eggplant 0.002 120 162 227 227
cucumber 0.003 162 152 227 227