eggplant 0.002 0 0 85 89
cucumber 0.003 6 0 95 64
mushroom 0.002 23 0 139 70
eggplant 0.001 73 0 160 77
eggplant 0.002 71 0 225 83
mushroom 0.002 125 0 227 62
eggplant 0.001 138 0 227 90
cucumber 0.002 0 0 80 102
mushroom 0.002 0 0 119 108
eggplant 0.003 26 0 134 120
mushroom 0.002 62 4 163 96
mushroom 0.002 98 0 196 106
eggplant 0.002 115 5 227 89
mushroom 0.002 150 16 227 80
eggplant 0.002 0 40 71 121
cucumber 0.001 0 15 101 151
eggplant 0.002 21 25 130 143
eggplant 0.017 30 41 217 148
eggplant 0.006 96 14 197 143
mushroom 0.002 125 15 226 136
eggplant 0.002 167 16 227 142
cucumber 0.002 0 68 51 167
eggplant 0.004 26 49 94 192
eggplant 0.002 30 40 110 167
cucumber 0.992 17 58 219 148
cucumber 0.003 62 4 215 190
mushroom 0.003 153 72 187 183
cucumber 0.002 163 47 227 183
eggplant 0.002 0 84 60 204
eggplant 0.001 0 92 109 206
eggplant 0.001 0 51 207 211
mushroom 0.000 46 58 202 205
mushroom 0.007 95 60 168 203
cucumber 0.001 121 81 227 210
eggplant 0.002 164 71 227 215
cucumber 0.002 0 125 98 227
cucumber 0.001 1 110 103 227
eggplant 0.001 2 118 155 227
mushroom 0.002 46 128 186 219
mushroom 0.003 101 119 188 223
cucumber 0.002 142 131 215 227
mushroom 0.002 143 109 227 227
cucumber 0.002 0 131 60 227
mushroom 0.002 0 144 97 227
eggplant 0.001 17 158 139 227
mushroom 0.002 69 148 165 227
mushroom 0.002 82 138 210 227
eggplant 0.001 117 164 227 227
cucumber 0.002 151 151 227 227