eggplant 0.003 0 0 79 65
mushroom 0.003 0 0 119 75
mushroom 0.002 43 0 124 74
eggplant 0.002 71 0 162 61
eggplant 0.002 83 0 204 92
cucumber 0.002 127 0 225 67
cucumber 0.003 162 0 227 75
cucumber 0.002 0 0 67 111
mushroom 0.003 0 0 109 105
mushroom 0.003 13 0 147 114
eggplant 0.002 59 0 161 125
cucumber 0.003 74 1 217 102
cucumber 0.003 137 0 220 106
eggplant 0.002 173 0 227 100
mushroom 0.004 0 10 61 148
eggplant 0.002 0 8 107 154
eggplant 0.003 29 21 124 138
mushroom 0.001 36 45 192 136
eggplant 0.013 103 18 196 153
cucumber 0.004 119 52 227 107
eggplant 0.003 148 34 227 135
cucumber 0.003 0 51 59 174
eggplant 0.017 37 37 82 193
mushroom 0.007 19 32 120 174
cucumber 0.000 30 61 185 197
cucumber 0.046 72 6 195 188
mushroom 0.008 158 46 187 201
eggplant 0.003 134 34 227 183
eggplant 0.002 0 102 76 180
eggplant 0.003 0 111 90 173
mushroom 0.043 23 66 136 196
cucumber 0.985 5 136 197 179
mushroom 0.020 78 78 186 192
eggplant 0.001 119 93 227 204
eggplant 0.002 177 80 227 214
eggplant 0.003 0 122 89 227
mushroom 0.003 0 127 111 227
eggplant 0.002 49 111 116 227
mushroom 0.003 61 134 179 221
cucumber 0.002 96 100 206 227
eggplant 0.003 121 137 227 214
cucumber 0.003 171 133 227 224
cucumber 0.003 0 144 75 227
mushroom 0.002 15 153 85 227
cucumber 0.002 35 154 129 227
mushroom 0.002 48 148 186 227
eggplant 0.005 81 166 214 227
eggplant 0.003 110 156 227 227
cucumber 0.003 153 146 227 227