eggplant 0.003 0 0 78 91
cucumber 0.005 5 0 97 71
mushroom 0.003 21 0 139 69
eggplant 0.004 66 0 168 81
eggplant 0.005 75 0 223 86
mushroom 0.004 128 0 227 69
cucumber 0.003 145 0 227 81
cucumber 0.004 0 0 61 98
mushroom 0.003 0 0 113 105
eggplant 0.004 22 0 140 120
mushroom 0.006 63 0 159 104
mushroom 0.005 97 0 197 102
cucumber 0.003 120 1 227 91
mushroom 0.003 150 6 227 90
eggplant 0.003 0 38 75 125
cucumber 0.003 0 16 109 140
eggplant 0.004 23 25 132 144
eggplant 0.010 31 40 189 150
eggplant 0.031 65 27 200 163
mushroom 0.005 116 40 227 120
eggplant 0.003 161 25 227 135
cucumber 0.005 0 60 53 169
eggplant 0.007 26 23 84 227
eggplant 0.022 22 43 114 172
cucumber 0.971 22 46 213 170
cucumber 0.009 59 5 216 189
mushroom 0.007 144 56 197 196
cucumber 0.003 156 73 227 163
eggplant 0.003 0 81 67 202
eggplant 0.003 0 96 111 201
mushroom 0.003 0 52 204 212
eggplant 0.001 40 70 189 192
mushroom 0.012 87 70 178 195
cucumber 0.003 120 84 227 208
eggplant 0.005 136 85 227 209
cucumber 0.004 0 121 94 227
cucumber 0.003 0 112 114 227
eggplant 0.003 12 125 150 227
mushroom 0.005 44 129 182 220
cucumber 0.004 99 117 190 227
cucumber 0.003 136 106 224 227
cucumber 0.004 147 109 227 227
cucumber 0.004 0 134 69 227
mushroom 0.003 0 148 99 227
cucumber 0.003 19 159 136 227
cucumber 0.004 66 153 168 227
mushroom 0.003 89 144 197 227
eggplant 0.003 113 171 227 227
cucumber 0.004 158 149 227 227