eggplant 0.003 0 0 83 84
cucumber 0.004 0 0 103 67
cucumber 0.003 16 0 146 66
eggplant 0.003 61 0 171 74
eggplant 0.006 75 0 222 77
cucumber 0.004 125 0 227 61
cucumber 0.003 140 0 227 80
cucumber 0.004 0 0 80 111
mushroom 0.003 0 0 114 109
eggplant 0.004 28 0 132 123
mushroom 0.004 63 0 161 110
cucumber 0.004 87 0 205 107
eggplant 0.004 125 2 227 93
mushroom 0.004 144 6 227 90
eggplant 0.004 0 30 68 131
cucumber 0.003 0 15 101 146
eggplant 0.004 23 22 128 149
eggplant 0.003 14 40 193 149
eggplant 0.013 99 17 195 142
mushroom 0.003 117 41 227 122
eggplant 0.005 163 21 227 136
cucumber 0.004 0 57 54 173
eggplant 0.009 28 42 90 196
eggplant 0.003 23 40 114 174
cucumber 0.978 30 84 210 145
cucumber 0.005 66 9 214 185
mushroom 0.008 154 49 197 202
eggplant 0.002 148 73 227 160
eggplant 0.004 0 88 68 199
eggplant 0.004 0 95 100 202
eggplant 0.004 0 55 205 208
cucumber 0.026 48 80 201 197
mushroom 0.011 91 75 174 190
mushroom 0.002 125 94 221 197
eggplant 0.003 162 84 227 204
cucumber 0.004 0 132 88 227
cucumber 0.003 0 112 108 227
eggplant 0.003 48 119 118 227
mushroom 0.005 42 131 187 220
mushroom 0.004 89 123 194 218
cucumber 0.004 134 129 220 227
cucumber 0.004 147 110 227 227
cucumber 0.004 0 138 71 227
mushroom 0.004 0 152 95 227
eggplant 0.003 24 159 138 227
mushroom 0.003 59 153 175 227
mushroom 0.003 92 136 201 227
eggplant 0.003 125 142 227 227
cucumber 0.003 152 152 227 227