eggplant 0.001 0 0 85 89
cucumber 0.002 7 0 94 63
mushroom 0.001 23 0 138 75
eggplant 0.001 74 0 161 80
eggplant 0.001 68 0 227 82
mushroom 0.001 128 0 227 63
eggplant 0.001 132 0 227 92
cucumber 0.001 0 0 82 101
mushroom 0.001 0 0 119 108
eggplant 0.001 24 0 135 124
mushroom 0.001 61 3 165 99
mushroom 0.001 96 0 198 107
eggplant 0.001 116 3 227 89
mushroom 0.001 152 18 227 77
eggplant 0.001 0 41 70 117
cucumber 0.001 0 14 103 155
eggplant 0.001 19 26 133 145
eggplant 0.012 29 44 220 147
eggplant 0.004 55 19 206 173
mushroom 0.001 109 39 227 124
mushroom 0.001 169 18 227 138
cucumber 0.001 0 68 43 168
eggplant 0.002 35 19 80 227
eggplant 0.001 33 35 106 170
cucumber 0.999 16 42 225 163
cucumber 0.002 59 3 217 191
mushroom 0.002 157 74 183 182
eggplant 0.001 164 50 227 183
eggplant 0.001 0 81 62 206
eggplant 0.001 0 94 108 205
mushroom 0.000 0 47 208 214
cucumber 0.000 38 59 209 203
mushroom 0.003 95 57 167 205
cucumber 0.001 121 80 227 211
eggplant 0.001 134 87 227 211
cucumber 0.001 0 127 103 227
cucumber 0.001 1 109 105 227
eggplant 0.001 2 122 156 227
cucumber 0.001 43 127 188 218
mushroom 0.001 103 117 187 222
cucumber 0.001 148 133 210 227
mushroom 0.001 140 108 227 227
cucumber 0.001 0 129 56 227
mushroom 0.001 0 143 100 227
eggplant 0.001 16 159 140 227
eggplant 0.001 73 148 165 227
eggplant 0.001 80 137 213 227
eggplant 0.001 118 164 227 227
cucumber 0.001 154 148 227 227