eggplant 0.002 0 0 78 86
cucumber 0.003 0 0 103 70
mushroom 0.002 18 0 142 68
eggplant 0.002 72 0 160 77
eggplant 0.002 82 0 206 84
cucumber 0.003 125 0 227 60
cucumber 0.002 137 0 227 85
cucumber 0.002 0 0 82 107
cucumber 0.002 0 0 115 110
eggplant 0.003 33 0 125 118
mushroom 0.003 61 3 163 98
cucumber 0.003 92 0 201 103
eggplant 0.002 119 3 227 93
mushroom 0.002 162 0 227 106
eggplant 0.004 0 35 67 123
cucumber 0.002 0 21 104 144
eggplant 0.002 23 23 130 146
eggplant 0.009 37 51 207 137
eggplant 0.008 104 16 193 143
mushroom 0.002 118 44 227 122
eggplant 0.003 169 18 227 142
cucumber 0.003 0 66 53 169
eggplant 0.005 28 20 84 227
eggplant 0.001 29 39 118 169
cucumber 0.993 28 55 214 170
cucumber 0.003 67 9 212 185
mushroom 0.004 157 52 199 202
cucumber 0.002 160 44 227 187
eggplant 0.003 0 80 60 207
eggplant 0.002 0 95 98 203
eggplant 0.005 0 51 206 212
cucumber 0.002 45 60 208 212
mushroom 0.009 93 61 170 203
cucumber 0.002 119 94 224 193
eggplant 0.002 140 99 227 199
cucumber 0.003 0 128 92 227
cucumber 0.002 0 113 110 227
eggplant 0.002 46 119 120 227
mushroom 0.003 46 130 190 220
mushroom 0.004 92 120 194 220
cucumber 0.003 136 132 219 227
cucumber 0.003 149 112 227 227
cucumber 0.003 0 129 77 227
mushroom 0.003 0 147 98 227
cucumber 0.002 14 164 145 227
mushroom 0.002 70 147 166 227
mushroom 0.002 84 134 210 227
eggplant 0.002 125 140 227 227
cucumber 0.002 156 153 227 227