eggplant 0.002 0 0 82 91
cucumber 0.003 8 0 93 69
mushroom 0.002 25 0 137 75
eggplant 0.002 69 0 164 81
eggplant 0.002 71 0 225 85
mushroom 0.002 128 0 227 68
eggplant 0.002 138 0 227 87
cucumber 0.002 0 0 51 94
mushroom 0.002 0 0 116 105
eggplant 0.002 21 0 139 123
mushroom 0.003 63 0 161 103
mushroom 0.003 97 0 197 105
eggplant 0.002 119 1 227 88
eggplant 0.002 152 11 227 83
eggplant 0.002 0 43 72 118
cucumber 0.001 0 14 108 141
eggplant 0.002 20 27 133 143
eggplant 0.011 28 42 193 150
eggplant 0.012 62 21 201 170
mushroom 0.002 112 39 227 121
eggplant 0.002 162 23 227 136
cucumber 0.002 0 62 49 170
eggplant 0.004 32 21 82 227
eggplant 0.005 27 41 110 168
cucumber 0.995 16 37 222 172
cucumber 0.007 60 4 217 190
mushroom 0.004 150 66 190 188
cucumber 0.001 164 47 227 184
eggplant 0.002 0 82 65 205
eggplant 0.002 0 95 109 204
mushroom 0.001 0 49 207 214
mushroom 0.000 35 68 201 193
mushroom 0.007 93 64 171 199
cucumber 0.002 122 84 227 208
eggplant 0.003 134 83 227 212
cucumber 0.003 0 122 98 227
cucumber 0.001 0 114 106 227
eggplant 0.001 10 126 151 227
mushroom 0.002 44 127 185 220
cucumber 0.002 107 114 183 227
cucumber 0.002 142 131 213 227
cucumber 0.002 144 111 227 227
cucumber 0.002 0 131 63 227
mushroom 0.002 0 144 99 227
eggplant 0.002 20 157 135 227
cucumber 0.002 69 154 164 227
eggplant 0.002 86 144 203 227
eggplant 0.001 115 167 227 227
cucumber 0.002 158 149 227 227