eggplant 0.003 0 0 84 84
cucumber 0.005 0 0 101 66
mushroom 0.002 19 0 142 70
eggplant 0.003 69 0 163 74
eggplant 0.004 77 0 218 79
cucumber 0.003 125 0 227 66
cucumber 0.002 140 0 227 84
cucumber 0.003 0 0 79 108
mushroom 0.003 0 0 115 108
eggplant 0.004 28 0 129 118
mushroom 0.004 57 0 165 101
cucumber 0.004 91 0 201 108
eggplant 0.003 120 5 227 91
mushroom 0.003 160 0 227 107
eggplant 0.004 0 34 69 126
cucumber 0.002 0 16 103 149
eggplant 0.003 24 23 128 145
eggplant 0.009 31 41 214 146
eggplant 0.009 99 17 195 142
mushroom 0.003 118 43 227 122
eggplant 0.003 163 18 227 142
cucumber 0.004 0 62 56 171
eggplant 0.006 26 45 91 193
eggplant 0.002 25 43 117 167
cucumber 0.993 22 72 210 153
cucumber 0.004 70 5 208 188
mushroom 0.005 146 67 195 187
eggplant 0.003 156 45 227 186
eggplant 0.004 0 88 65 200
eggplant 0.003 0 92 98 205
eggplant 0.004 0 54 205 209
cucumber 0.002 39 67 208 201
mushroom 0.010 94 68 170 197
cucumber 0.002 125 94 221 194
eggplant 0.003 161 74 227 214
cucumber 0.003 0 126 93 227
cucumber 0.002 0 116 110 227
eggplant 0.003 10 122 149 227
mushroom 0.004 47 130 186 221
mushroom 0.004 97 120 189 221
cucumber 0.003 137 133 216 227
cucumber 0.003 149 111 227 227
cucumber 0.003 0 134 67 227
mushroom 0.003 0 149 95 227
eggplant 0.003 19 156 141 227
mushroom 0.003 62 150 172 227
mushroom 0.003 83 137 209 227
eggplant 0.002 117 162 227 227
cucumber 0.003 155 151 227 227