eggplant 0.002 0 0 85 89
cucumber 0.003 6 0 95 65
mushroom 0.001 24 0 137 71
eggplant 0.001 72 0 161 81
eggplant 0.002 70 0 226 84
mushroom 0.002 127 0 227 60
eggplant 0.002 135 0 227 90
cucumber 0.002 0 0 79 102
mushroom 0.002 0 0 120 108
eggplant 0.002 24 0 136 123
mushroom 0.002 63 4 163 97
mushroom 0.002 96 0 199 108
eggplant 0.001 117 2 227 89
mushroom 0.002 152 17 227 78
eggplant 0.003 0 44 72 117
cucumber 0.001 0 14 108 142
eggplant 0.002 20 27 131 144
eggplant 0.020 24 43 194 149
eggplant 0.007 58 21 204 170
mushroom 0.002 126 14 223 137
eggplant 0.002 166 17 227 141
cucumber 0.002 0 67 47 167
eggplant 0.003 29 21 85 227
eggplant 0.002 32 40 107 167
cucumber 0.996 15 53 213 153
cucumber 0.003 63 5 214 189
mushroom 0.003 152 70 189 184
cucumber 0.002 164 48 227 184
eggplant 0.002 0 82 62 206
eggplant 0.001 0 95 109 204
mushroom 0.001 0 51 207 211
mushroom 0.000 49 60 198 203
mushroom 0.007 95 62 168 201
cucumber 0.001 121 85 227 208
eggplant 0.002 134 89 227 209
cucumber 0.002 0 126 98 227
cucumber 0.001 0 110 103 227
eggplant 0.001 5 120 153 227
mushroom 0.002 43 127 188 219
mushroom 0.002 104 115 186 224
cucumber 0.002 142 132 215 227
mushroom 0.002 144 109 227 227
cucumber 0.002 0 130 58 227
mushroom 0.002 0 144 98 227
eggplant 0.001 16 158 140 227
cucumber 0.002 70 148 166 227
mushroom 0.001 85 138 208 227
eggplant 0.001 114 168 227 227
cucumber 0.001 143 152 227 227