eggplant 0.002 0 0 79 90
cucumber 0.004 1 0 96 64
mushroom 0.002 24 0 139 79
eggplant 0.002 71 0 159 80
eggplant 0.002 70 0 222 84
mushroom 0.003 127 0 227 69
eggplant 0.002 143 0 227 61
cucumber 0.002 0 0 73 97
mushroom 0.002 0 0 117 102
eggplant 0.003 24 0 137 116
mushroom 0.002 60 2 164 100
cucumber 0.003 96 0 198 107
eggplant 0.002 119 0 227 95
eggplant 0.002 147 14 227 87
eggplant 0.003 0 36 75 121
cucumber 0.002 0 15 112 141
eggplant 0.002 16 30 138 138
eggplant 0.021 35 39 194 152
eggplant 0.016 63 27 200 164
mushroom 0.002 130 14 224 136
eggplant 0.001 154 42 227 122
cucumber 0.002 0 62 50 171
eggplant 0.003 27 48 91 191
eggplant 0.004 25 46 114 162
cucumber 0.988 9 27 213 198
cucumber 0.031 78 47 227 181
mushroom 0.005 152 63 188 190
cucumber 0.002 157 77 227 155
eggplant 0.003 0 85 68 199
cucumber 0.002 0 100 108 199
mushroom 0.002 0 51 205 211
mushroom 0.000 17 53 198 206
mushroom 0.010 91 61 173 204
cucumber 0.002 118 85 227 208
eggplant 0.003 138 84 227 212
cucumber 0.003 0 127 98 227
cucumber 0.002 0 119 106 227
cucumber 0.001 44 115 122 227
mushroom 0.002 43 127 189 221
cucumber 0.003 106 115 184 227
cucumber 0.002 134 103 227 227
cucumber 0.003 143 113 227 227
cucumber 0.002 0 130 66 227
mushroom 0.003 0 143 106 227
eggplant 0.002 15 154 139 227
eggplant 0.002 66 153 168 227
eggplant 0.002 86 144 203 227
eggplant 0.001 135 138 227 227
cucumber 0.002 158 149 227 227