eggplant 0.004 0 0 76 83
cucumber 0.004 0 0 107 67
mushroom 0.003 18 0 142 66
eggplant 0.003 67 0 164 72
eggplant 0.004 76 0 218 72
cucumber 0.004 129 0 226 58
cucumber 0.003 139 0 227 82
cucumber 0.004 0 0 83 112
mushroom 0.003 0 0 114 107
eggplant 0.004 31 0 127 116
mushroom 0.003 58 0 167 107
mushroom 0.004 95 0 199 108
eggplant 0.004 123 0 227 96
mushroom 0.004 162 0 227 109
eggplant 0.005 0 31 68 128
cucumber 0.003 0 25 102 139
eggplant 0.004 23 20 128 150
eggplant 0.010 20 45 190 143
eggplant 0.011 101 19 197 141
mushroom 0.003 120 45 227 120
eggplant 0.004 171 20 227 139
cucumber 0.004 0 63 51 169
eggplant 0.009 30 40 88 196
eggplant 0.002 23 39 118 172
cucumber 0.967 37 57 198 165
cucumber 0.003 70 13 210 180
mushroom 0.009 156 50 201 202
mushroom 0.003 158 49 227 184
eggplant 0.005 0 79 67 206
eggplant 0.003 0 98 96 194
eggplant 0.009 0 61 204 202
cucumber 0.015 51 67 202 225
mushroom 0.015 95 64 170 201
cucumber 0.003 119 96 226 194
eggplant 0.003 144 95 227 202
cucumber 0.004 0 131 90 226
cucumber 0.003 0 115 108 227
eggplant 0.003 43 118 123 227
mushroom 0.004 46 135 189 219
mushroom 0.004 85 123 200 220
mushroom 0.004 137 134 217 224
cucumber 0.004 147 113 227 227
cucumber 0.004 0 134 75 227
mushroom 0.004 0 149 101 227
eggplant 0.003 18 161 144 227
mushroom 0.004 65 149 171 227
mushroom 0.003 84 135 207 227
eggplant 0.003 121 140 227 227
cucumber 0.003 154 155 227 227