eggplant 0.003 0 0 86 89
cucumber 0.005 6 0 95 65
cucumber 0.002 24 0 138 70
eggplant 0.002 70 0 162 79
eggplant 0.003 72 0 225 81
mushroom 0.003 126 0 227 63
mushroom 0.002 136 0 227 62
cucumber 0.003 0 0 81 104
mushroom 0.002 0 0 117 109
eggplant 0.004 29 0 130 119
mushroom 0.003 60 2 166 97
mushroom 0.003 98 0 196 109
eggplant 0.003 114 1 227 92
mushroom 0.003 151 21 227 77
eggplant 0.004 0 41 71 120
cucumber 0.002 0 16 109 142
eggplant 0.003 21 30 130 141
eggplant 0.026 21 41 198 149
eggplant 0.010 59 25 205 165
mushroom 0.003 129 13 223 139
eggplant 0.003 166 17 227 141
cucumber 0.003 0 67 49 167
eggplant 0.005 26 48 92 190
eggplant 0.003 31 44 107 167
cucumber 0.996 24 77 215 129
cucumber 0.005 67 7 209 186
mushroom 0.005 150 66 193 187
cucumber 0.003 162 48 227 184
eggplant 0.004 0 86 62 201
eggplant 0.002 0 95 106 203
mushroom 0.002 0 56 205 207
mushroom 0.000 52 60 194 204
mushroom 0.010 94 63 170 201
cucumber 0.002 120 81 227 212
eggplant 0.003 167 77 227 210
cucumber 0.003 0 129 97 227
cucumber 0.002 2 111 102 227
eggplant 0.002 41 118 124 227
mushroom 0.004 41 131 190 217
mushroom 0.004 101 117 187 223
cucumber 0.003 141 131 217 227
cucumber 0.003 146 110 227 227
cucumber 0.003 0 132 64 227
mushroom 0.003 0 147 100 227
eggplant 0.002 30 157 132 227
eggplant 0.003 66 148 170 227
eggplant 0.002 86 139 207 227
eggplant 0.002 113 165 227 227
cucumber 0.002 144 155 227 227