eggplant 0.007 0 0 76 77
cucumber 0.007 0 0 105 77
mushroom 0.006 33 0 128 78
eggplant 0.009 71 0 160 84
eggplant 0.008 69 0 214 66
mushroom 0.006 117 0 227 68
mushroom 0.008 155 0 227 66
cucumber 0.009 0 0 65 109
mushroom 0.010 0 0 107 102
eggplant 0.008 37 0 127 113
eggplant 0.006 62 0 168 108
mushroom 0.006 83 0 210 100
eggplant 0.007 126 0 227 100
mushroom 0.008 157 0 227 105
eggplant 0.006 0 21 88 139
eggplant 0.006 0 21 116 143
mushroom 0.005 29 38 133 125
cucumber 0.156 38 41 186 147
eggplant 0.422 61 32 204 158
cucumber 0.007 132 18 227 138
mushroom 0.009 148 29 227 135
cucumber 0.008 0 54 65 173
eggplant 0.011 22 46 93 188
eggplant 0.040 23 42 121 172
eggplant 0.025 16 40 211 207
eggplant 0.303 67 41 225 198
mushroom 0.020 154 56 197 195
cucumber 0.007 157 60 227 168
eggplant 0.009 0 105 74 183
eggplant 0.006 0 100 102 198
mushroom 0.030 0 100 147 175
mushroom 0.026 20 47 190 215
mushroom 0.037 80 62 186 210
cucumber 0.005 114 86 227 204
eggplant 0.007 148 87 227 204
eggplant 0.010 0 122 80 227
eggplant 0.006 1 109 107 227
cucumber 0.010 5 121 154 227
mushroom 0.006 40 113 183 227
cucumber 0.007 84 112 211 227
cucumber 0.007 126 114 227 227
cucumber 0.008 162 123 227 227
cucumber 0.010 0 149 79 227
mushroom 0.008 0 143 113 227
cucumber 0.006 27 161 138 227
eggplant 0.007 46 142 188 227
eggplant 0.007 72 158 216 227
eggplant 0.007 133 150 227 227
cucumber 0.009 156 153 227 227