eggplant 0.005 0 0 69 86
cucumber 0.004 0 0 109 86
cucumber 0.005 39 0 131 78
eggplant 0.004 66 0 163 71
eggplant 0.007 82 0 206 68
eggplant 0.005 123 0 227 71
cucumber 0.007 158 0 227 81
cucumber 0.005 0 1 56 97
cucumber 0.003 0 0 110 109
eggplant 0.006 30 0 127 112
eggplant 0.005 62 3 157 94
mushroom 0.005 81 11 222 89
eggplant 0.005 122 6 227 90
mushroom 0.004 142 0 227 104
eggplant 0.006 0 14 87 149
mushroom 0.004 0 22 110 131
eggplant 0.005 29 30 131 134
eggplant 0.014 45 31 202 150
eggplant 0.025 92 16 201 144
mushroom 0.004 126 44 227 116
eggplant 0.005 155 18 227 148
cucumber 0.006 0 55 74 173
eggplant 0.014 19 52 99 188
eggplant 0.021 28 45 117 167
eggplant 0.959 32 69 178 163
eggplant 0.001 48 9 227 185
mushroom 0.009 142 52 198 200
mushroom 0.003 157 49 227 180
eggplant 0.004 0 80 62 207
eggplant 0.004 0 87 107 206
eggplant 0.031 0 59 199 206
eggplant 0.041 66 66 173 196
mushroom 0.030 76 75 188 191
mushroom 0.007 122 101 226 190
eggplant 0.004 153 80 227 208
eggplant 0.005 0 117 66 227
mushroom 0.004 0 105 107 227
cucumber 0.006 0 125 161 227
mushroom 0.006 56 136 171 218
mushroom 0.005 83 114 213 227
cucumber 0.004 137 117 224 227
eggplant 0.005 158 114 227 227
cucumber 0.005 0 148 71 227
cucumber 0.004 0 147 110 227
cucumber 0.004 3 155 148 227
mushroom 0.003 68 146 159 227
mushroom 0.004 87 143 197 227
eggplant 0.006 129 157 227 227
cucumber 0.004 160 151 227 227