eggplant 0.004 0 0 69 77
cucumber 0.004 7 0 101 79
cucumber 0.003 30 0 135 84
eggplant 0.005 61 0 172 78
eggplant 0.007 73 0 213 73
eggplant 0.005 124 0 227 74
cucumber 0.006 159 0 227 78
cucumber 0.005 0 0 64 107
mushroom 0.004 0 0 111 101
eggplant 0.005 31 0 134 114
mushroom 0.004 55 0 165 100
mushroom 0.005 81 1 213 104
mushroom 0.005 121 0 227 94
mushroom 0.003 150 0 227 106
eggplant 0.005 0 20 88 139
cucumber 0.004 0 11 114 146
eggplant 0.004 27 33 130 137
eggplant 0.035 36 37 187 154
eggplant 0.262 62 26 202 165
mushroom 0.005 122 41 227 123
eggplant 0.005 162 28 227 137
cucumber 0.007 0 55 62 170
eggplant 0.009 20 26 84 227
eggplant 0.028 18 39 120 175
eggplant 0.843 38 33 198 186
eggplant 0.013 47 12 226 182
mushroom 0.009 145 47 195 206
cucumber 0.003 165 74 227 164
eggplant 0.004 0 82 75 204
eggplant 0.005 0 100 114 200
mushroom 0.003 0 58 202 207
eggplant 0.007 51 67 177 194
mushroom 0.012 80 70 184 194
mushroom 0.004 126 101 222 195
eggplant 0.004 145 82 227 212
eggplant 0.005 0 115 74 227
mushroom 0.003 0 107 107 227
cucumber 0.005 0 118 161 227
mushroom 0.005 43 129 177 221
cucumber 0.004 89 114 201 227
cucumber 0.004 137 108 221 227
mushroom 0.005 142 110 227 227
cucumber 0.006 0 145 75 227
mushroom 0.004 0 150 95 227
cucumber 0.004 13 159 140 227
mushroom 0.004 44 143 185 227
mushroom 0.004 86 137 196 227
eggplant 0.004 142 148 220 227
cucumber 0.005 162 144 227 227