eggplant 0.004 0 0 65 83
cucumber 0.003 6 0 100 81
cucumber 0.003 19 0 143 67
eggplant 0.004 62 0 171 78
eggplant 0.005 76 0 209 75
eggplant 0.004 125 0 226 70
cucumber 0.005 153 0 227 78
cucumber 0.004 0 0 61 99
mushroom 0.003 0 0 114 108
eggplant 0.006 32 0 131 118
mushroom 0.004 63 0 169 101
mushroom 0.004 80 0 216 101
cucumber 0.005 118 6 227 89
mushroom 0.003 146 0 227 97
eggplant 0.004 0 21 92 138
mushroom 0.004 0 16 105 140
eggplant 0.004 29 32 130 138
eggplant 0.021 17 46 188 145
eggplant 0.061 58 20 205 171
mushroom 0.003 123 40 227 125
eggplant 0.005 156 23 227 144
cucumber 0.004 0 51 64 177
eggplant 0.008 27 24 77 227
eggplant 0.004 28 42 113 172
eggplant 0.912 32 78 213 129
eggplant 0.002 48 8 227 185
mushroom 0.006 153 45 200 207
cucumber 0.002 156 54 227 174
mushroom 0.003 0 88 66 203
eggplant 0.004 0 87 113 209
eggplant 0.004 0 56 203 210
eggplant 0.011 55 70 194 191
mushroom 0.013 87 73 176 192
mushroom 0.004 130 104 217 189
eggplant 0.003 161 86 227 202
eggplant 0.004 0 127 88 227
mushroom 0.003 0 102 108 227
eggplant 0.004 0 119 159 227
mushroom 0.006 47 128 179 218
mushroom 0.004 88 114 197 227
cucumber 0.004 136 126 222 227
mushroom 0.003 146 115 227 227
cucumber 0.006 0 145 77 227
mushroom 0.004 0 160 102 227
cucumber 0.004 11 159 143 227
cucumber 0.003 74 153 155 227
mushroom 0.003 89 139 195 227
eggplant 0.004 138 154 224 227
cucumber 0.003 158 142 227 227