eggplant 0.006 0 0 76 87
cucumber 0.003 0 0 126 72
mushroom 0.004 37 0 126 87
eggplant 0.003 68 0 163 59
eggplant 0.004 86 0 202 62
cucumber 0.003 125 0 227 71
cucumber 0.006 146 0 227 61
mushroom 0.004 0 0 60 108
cucumber 0.003 0 1 111 94
cucumber 0.004 26 0 130 106
eggplant 0.003 57 0 160 101
cucumber 0.004 78 2 227 93
eggplant 0.004 137 0 227 114
mushroom 0.003 154 2 227 97
eggplant 0.005 0 12 76 151
cucumber 0.003 0 22 120 134
mushroom 0.003 6 28 144 133
eggplant 0.014 43 21 193 152
eggplant 0.024 46 24 218 166
cucumber 0.003 124 48 227 108
cucumber 0.004 160 22 227 142
cucumber 0.005 0 61 66 159
eggplant 0.019 14 52 105 185
eggplant 0.776 22 21 168 202
eggplant 0.161 44 42 153 206
eggplant 0.001 43 13 227 180
mushroom 0.013 151 40 192 213
cucumber 0.003 149 38 227 190
cucumber 0.004 0 79 65 208
eggplant 0.003 0 102 99 184
mushroom 0.125 13 66 136 198
eggplant 0.118 17 39 178 227
mushroom 0.029 74 78 190 190
mushroom 0.004 129 105 219 191
eggplant 0.002 150 81 227 210
eggplant 0.005 0 114 85 227
mushroom 0.005 0 114 102 227
cucumber 0.006 0 127 164 227
mushroom 0.004 54 122 170 223
eggplant 0.005 90 99 203 227
eggplant 0.003 122 105 227 227
cucumber 0.004 148 99 227 227
cucumber 0.004 0 131 70 227
cucumber 0.004 5 141 97 227
cucumber 0.003 8 161 142 227
mushroom 0.002 65 140 160 227
mushroom 0.004 81 157 206 227
eggplant 0.007 121 168 227 227
cucumber 0.004 154 148 227 227