eggplant 0.005 0 0 65 77
cucumber 0.005 2 0 103 78
cucumber 0.004 25 0 141 79
eggplant 0.006 67 0 159 71
eggplant 0.007 74 0 212 70
eggplant 0.006 127 0 224 76
cucumber 0.006 158 0 227 81
cucumber 0.005 0 0 61 105
mushroom 0.004 0 0 112 109
eggplant 0.007 33 0 131 113
mushroom 0.006 57 4 164 92
mushroom 0.005 84 2 213 101
mushroom 0.005 115 0 227 92
mushroom 0.004 152 0 227 103
eggplant 0.005 0 23 85 136
mushroom 0.004 0 17 112 139
eggplant 0.004 22 33 137 133
eggplant 0.130 47 34 181 157
eggplant 0.115 55 19 210 171
mushroom 0.005 132 19 227 136
mushroom 0.005 152 34 227 131
cucumber 0.007 0 55 63 173
eggplant 0.009 15 55 103 184
eggplant 0.014 24 42 121 166
eggplant 0.902 21 27 201 189
eggplant 0.016 57 19 226 195
mushroom 0.011 151 58 191 193
cucumber 0.004 163 54 227 171
eggplant 0.005 0 61 73 224
cucumber 0.005 0 95 116 203
mushroom 0.006 0 56 202 209
eggplant 0.004 17 37 189 222
mushroom 0.016 82 67 182 198
mushroom 0.005 126 99 222 194
eggplant 0.005 145 78 227 215
eggplant 0.005 0 125 95 227
mushroom 0.003 0 104 108 227
cucumber 0.007 0 122 158 227
mushroom 0.005 56 123 170 224
mushroom 0.005 90 114 203 227
cucumber 0.004 130 110 227 227
mushroom 0.006 141 112 227 227
cucumber 0.006 0 146 73 227
mushroom 0.005 0 146 98 227
cucumber 0.004 28 168 133 227
cucumber 0.004 67 147 160 227
mushroom 0.004 82 140 201 227
eggplant 0.005 142 150 220 227
cucumber 0.006 160 146 227 227