eggplant 0.004 0 0 69 92
cucumber 0.004 0 0 110 93
cucumber 0.004 22 0 143 77
eggplant 0.004 68 0 173 70
eggplant 0.006 83 0 205 71
mushroom 0.004 123 0 227 66
cucumber 0.006 170 0 227 78
cucumber 0.006 0 0 59 99
cucumber 0.003 0 0 116 103
eggplant 0.004 30 0 125 113
mushroom 0.004 62 1 155 96
mushroom 0.004 77 10 227 91
eggplant 0.006 128 11 219 88
eggplant 0.003 159 0 227 105
eggplant 0.005 0 15 89 146
mushroom 0.003 0 25 105 130
eggplant 0.005 37 28 126 134
eggplant 0.006 43 28 204 155
eggplant 0.023 93 14 197 146
mushroom 0.003 125 47 227 113
eggplant 0.005 156 27 227 142
cucumber 0.005 0 52 76 174
eggplant 0.014 19 52 100 188
eggplant 0.032 24 44 119 170
eggplant 0.884 18 83 187 167
eggplant 0.003 43 6 227 188
mushroom 0.008 140 56 205 196
cucumber 0.002 151 51 227 182
mushroom 0.004 0 83 68 203
eggplant 0.005 0 84 100 205
eggplant 0.051 0 58 197 209
eggplant 0.196 63 73 175 189
mushroom 0.017 78 75 185 191
mushroom 0.006 126 100 222 192
eggplant 0.003 155 83 227 205
eggplant 0.005 0 117 66 227
mushroom 0.004 0 111 107 227
cucumber 0.006 0 130 168 227
mushroom 0.005 64 138 161 218
mushroom 0.004 83 119 203 227
cucumber 0.004 143 136 214 215
eggplant 0.003 161 103 227 227
cucumber 0.005 0 131 70 227
cucumber 0.004 0 141 106 227
cucumber 0.003 5 156 149 227
mushroom 0.003 67 152 160 227
mushroom 0.004 93 142 187 227
eggplant 0.006 120 159 227 227
cucumber 0.005 161 149 227 227