eggplant 0.000 0 0 44 97
cucumber 0.000 0 0 128 120
eggplant 0.000 27 0 152 117
mushroom 0.000 77 0 171 53
eggplant 0.000 59 0 225 57
mushroom 0.000 133 0 209 95
cucumber 0.000 133 0 227 46
cucumber 0.000 0 10 68 96
mushroom 0.000 0 0 119 105
mushroom 0.000 8 5 152 114
mushroom 0.000 44 0 197 110
mushroom 0.000 50 17 227 104
eggplant 0.000 149 8 199 102
eggplant 0.000 202 0 227 100
eggplant 0.000 0 12 126 163
mushroom 0.000 22 0 78 173
cucumber 0.000 0 18 171 120
eggplant 0.000 0 74 203 119
eggplant 0.001 31 0 227 198
mushroom 0.000 123 0 227 151
mushroom 0.000 190 31 227 132
cucumber 0.000 0 55 60 186
eggplant 0.000 54 16 57 227
eggplant 0.000 52 12 84 185
eggplant 0.949 0 14 217 227
eggplant 0.008 18 26 227 167
mushroom 0.000 170 19 173 227
eggplant 0.000 191 76 224 164
eggplant 0.000 0 71 59 205
eggplant 0.000 0 109 86 196
mushroom 0.000 0 69 210 190
eggplant 0.000 0 50 199 209
mushroom 0.000 120 33 138 226
mushroom 0.000 141 66 199 202
eggplant 0.000 128 65 227 210
cucumber 0.000 0 94 67 227
cucumber 0.000 5 99 105 227
cucumber 0.000 0 112 175 227
mushroom 0.000 11 81 222 227
mushroom 0.000 86 94 195 227
mushroom 0.000 161 95 183 227
eggplant 0.000 158 106 227 227
cucumber 0.000 0 120 93 227
mushroom 0.000 25 143 66 227
cucumber 0.000 0 180 147 227
mushroom 0.000 26 126 221 227
eggplant 0.000 90 117 182 227
cucumber 0.000 127 152 227 227
cucumber 0.000 164 164 227 227