eggplant 0.003 0 0 71 69
cucumber 0.003 0 0 108 93
cucumber 0.001 32 0 130 81
eggplant 0.005 63 0 167 64
eggplant 0.005 71 0 211 69
eggplant 0.003 116 0 227 62
cucumber 0.006 127 0 227 62
cucumber 0.003 0 0 59 112
cucumber 0.003 0 4 115 98
eggplant 0.004 32 0 132 119
mushroom 0.003 79 5 155 98
mushroom 0.002 70 0 227 101
eggplant 0.004 121 7 227 84
mushroom 0.002 179 0 227 95
eggplant 0.003 0 12 82 139
eggplant 0.003 2 16 103 150
eggplant 0.001 25 41 132 129
eggplant 0.969 18 39 209 152
eggplant 0.135 53 12 209 180
eggplant 0.002 152 3 212 154
eggplant 0.003 160 22 227 143
cucumber 0.003 0 53 56 175
eggplant 0.005 25 31 76 224
eggplant 0.015 25 31 117 177
eggplant 0.026 21 35 200 172
eggplant 0.038 59 1 223 200
mushroom 0.007 148 48 211 206
cucumber 0.002 177 58 227 173
eggplant 0.003 0 94 78 200
eggplant 0.003 0 106 118 197
mushroom 0.005 0 65 205 197
eggplant 0.000 7 40 192 220
mushroom 0.010 92 57 171 206
cucumber 0.003 119 104 227 189
eggplant 0.002 144 76 227 216
eggplant 0.004 0 108 60 227
eggplant 0.001 0 112 106 227
eggplant 0.003 0 116 171 227
mushroom 0.001 27 102 194 227
mushroom 0.002 82 108 210 227
mushroom 0.002 142 136 211 216
cucumber 0.003 134 106 227 227
mushroom 0.006 0 146 76 227
mushroom 0.004 4 147 97 227
cucumber 0.002 15 168 147 227
eggplant 0.004 44 127 192 227
mushroom 0.002 78 136 201 227
cucumber 0.004 132 153 227 227
cucumber 0.004 156 154 227 227