eggplant 0.004 0 0 65 81
cucumber 0.003 5 0 100 81
cucumber 0.003 33 0 136 80
eggplant 0.004 70 0 162 76
eggplant 0.006 81 0 205 73
eggplant 0.004 123 0 227 70
cucumber 0.006 138 0 227 56
cucumber 0.004 0 1 59 99
cucumber 0.003 0 0 115 108
eggplant 0.005 35 0 128 116
mushroom 0.004 64 0 167 106
mushroom 0.004 77 2 223 100
eggplant 0.004 115 8 227 87
mushroom 0.003 149 0 227 103
eggplant 0.004 0 22 87 139
mushroom 0.004 0 20 102 138
eggplant 0.003 26 29 134 138
eggplant 0.067 24 45 186 146
eggplant 0.058 48 17 215 173
eggplant 0.003 128 37 227 125
eggplant 0.004 159 22 227 146
cucumber 0.005 0 54 69 175
eggplant 0.008 28 26 77 227
eggplant 0.006 25 39 119 172
eggplant 0.981 23 69 208 144
eggplant 0.003 47 12 227 182
mushroom 0.006 152 44 204 210
cucumber 0.003 161 54 227 174
mushroom 0.003 0 87 66 203
cucumber 0.004 0 89 112 207
eggplant 0.006 0 54 203 211
eggplant 0.003 13 46 193 213
mushroom 0.012 85 68 178 197
mushroom 0.005 126 106 220 186
eggplant 0.003 141 86 227 205
eggplant 0.004 0 118 57 227
eggplant 0.002 0 102 111 227
cucumber 0.006 0 123 164 227
mushroom 0.005 58 125 168 221
mushroom 0.004 87 112 202 227
cucumber 0.003 142 128 216 227
mushroom 0.004 153 109 227 227
cucumber 0.005 0 145 74 227
mushroom 0.004 0 157 105 227
cucumber 0.004 8 162 147 227
eggplant 0.003 74 150 154 227
mushroom 0.003 86 143 197 227
eggplant 0.004 141 153 220 227
cucumber 0.003 161 144 227 227