eggplant 0.009 0 0 62 82
cucumber 0.007 0 0 109 84
mushroom 0.008 24 0 134 79
eggplant 0.008 69 0 160 70
eggplant 0.011 83 0 204 73
eggplant 0.008 123 0 227 76
cucumber 0.012 157 0 227 76
cucumber 0.010 0 0 57 101
cucumber 0.007 0 0 110 110
eggplant 0.013 36 0 128 111
mushroom 0.008 61 0 170 107
mushroom 0.009 82 3 219 98
eggplant 0.008 116 2 227 93
mushroom 0.007 149 0 227 110
eggplant 0.010 0 16 87 147
cucumber 0.008 0 14 106 143
eggplant 0.008 23 28 142 136
eggplant 0.041 44 43 199 141
eggplant 0.096 54 27 211 161
mushroom 0.008 130 23 227 135
mushroom 0.008 158 24 227 143
cucumber 0.010 0 53 71 175
eggplant 0.017 14 50 103 187
eggplant 0.017 27 45 123 167
eggplant 0.926 28 36 196 192
eggplant 0.041 67 27 220 185
mushroom 0.015 149 55 198 196
cucumber 0.006 163 66 227 164
eggplant 0.008 0 84 69 204
cucumber 0.007 0 94 108 203
eggplant 0.017 0 56 195 211
eggplant 0.021 50 65 183 199
mushroom 0.029 82 69 183 199
cucumber 0.011 118 95 227 195
eggplant 0.007 159 82 227 206
eggplant 0.010 0 118 65 227
mushroom 0.005 0 107 110 227
cucumber 0.010 0 123 160 227
cucumber 0.009 57 130 170 219
mushroom 0.008 84 117 207 227
cucumber 0.008 135 115 227 227
mushroom 0.009 160 118 227 227
cucumber 0.010 0 130 72 227
mushroom 0.008 0 148 108 227
cucumber 0.008 13 155 144 227
cucumber 0.006 72 148 156 227
mushroom 0.006 80 141 204 227
eggplant 0.010 136 155 225 227
cucumber 0.009 155 145 227 227