cucumber 0.003 0 0 68 88
cucumber 0.003 7 0 102 85
cucumber 0.002 34 0 136 86
eggplant 0.003 70 0 163 73
eggplant 0.004 75 0 209 72
eggplant 0.003 123 0 226 65
cucumber 0.004 164 0 227 79
cucumber 0.004 0 2 62 97
mushroom 0.002 0 0 116 99
eggplant 0.004 33 0 127 113
mushroom 0.003 56 0 179 104
mushroom 0.003 85 0 212 103
cucumber 0.003 121 5 227 92
eggplant 0.002 147 0 227 107
eggplant 0.003 0 19 94 140
mushroom 0.002 0 17 106 140
eggplant 0.003 31 32 132 133
eggplant 0.005 34 29 219 155
eggplant 0.084 57 24 207 167
mushroom 0.003 123 46 227 115
eggplant 0.003 155 25 227 147
cucumber 0.004 0 40 73 184
eggplant 0.007 30 23 76 227
eggplant 0.004 27 44 118 166
eggplant 0.952 30 70 211 164
eggplant 0.011 42 33 226 202
mushroom 0.004 141 52 197 202
mushroom 0.002 160 69 227 167
eggplant 0.002 0 60 67 225
eggplant 0.004 0 87 111 207
eggplant 0.005 0 54 203 213
eggplant 0.100 43 80 192 179
mushroom 0.011 79 74 183 191
mushroom 0.004 126 100 222 194
eggplant 0.002 165 81 227 206
eggplant 0.004 0 122 91 227
mushroom 0.002 0 104 110 227
cucumber 0.004 0 123 162 227
mushroom 0.005 54 128 172 220
mushroom 0.003 89 119 198 227
cucumber 0.003 139 131 220 224
mushroom 0.003 165 112 227 227
cucumber 0.004 0 149 81 227
mushroom 0.003 0 152 106 227
cucumber 0.003 6 153 147 227
mushroom 0.002 70 149 157 227
mushroom 0.003 93 142 188 227
eggplant 0.003 126 160 227 227
cucumber 0.003 165 142 227 227