eggplant 0.009 0 0 68 74
cucumber 0.006 4 0 103 80
cucumber 0.007 30 0 137 78
eggplant 0.009 69 0 155 71
eggplant 0.013 79 0 208 70
eggplant 0.010 126 0 226 74
cucumber 0.012 160 0 227 81
cucumber 0.007 0 0 80 100
cucumber 0.007 0 0 118 103
eggplant 0.011 32 0 128 113
mushroom 0.007 62 0 169 104
mushroom 0.007 100 0 197 96
eggplant 0.009 116 6 227 86
mushroom 0.006 157 0 227 102
eggplant 0.011 0 16 81 142
mushroom 0.009 0 19 110 137
eggplant 0.007 24 27 136 140
eggplant 0.081 27 39 182 150
eggplant 0.085 56 21 210 167
mushroom 0.006 127 22 227 140
eggplant 0.009 163 20 227 148
cucumber 0.010 0 58 68 169
eggplant 0.017 16 26 86 227
eggplant 0.012 23 42 124 169
eggplant 0.956 57 62 170 141
eggplant 0.002 52 19 226 175
mushroom 0.014 145 56 197 194
cucumber 0.005 160 69 227 166
eggplant 0.007 0 86 65 206
eggplant 0.008 0 90 113 204
eggplant 0.014 0 60 198 207
eggplant 0.019 70 61 170 202
mushroom 0.024 81 72 184 194
mushroom 0.011 122 104 226 189
eggplant 0.006 146 88 227 207
eggplant 0.008 0 116 66 227
mushroom 0.006 0 100 110 227
eggplant 0.009 0 119 160 227
mushroom 0.008 54 129 171 220
mushroom 0.009 87 116 211 227
cucumber 0.007 138 129 222 224
mushroom 0.009 151 117 227 227
cucumber 0.009 0 151 71 227
mushroom 0.006 0 156 105 227
cucumber 0.007 5 155 148 227
mushroom 0.006 68 145 159 227
mushroom 0.008 89 140 196 227
eggplant 0.010 137 155 222 227
cucumber 0.007 158 146 227 227