eggplant 0.004 0 0 64 90
cucumber 0.004 0 0 114 89
mushroom 0.004 33 0 137 80
cucumber 0.003 63 0 164 61
eggplant 0.005 86 0 202 68
eggplant 0.003 116 0 227 66
cucumber 0.005 158 0 227 78
cucumber 0.004 0 7 52 94
cucumber 0.003 0 0 120 105
cucumber 0.005 30 0 128 112
eggplant 0.003 55 0 168 118
mushroom 0.003 77 14 227 86
eggplant 0.003 123 12 227 82
mushroom 0.003 156 0 227 109
eggplant 0.005 0 11 79 154
mushroom 0.003 0 20 105 134
eggplant 0.002 29 26 130 139
eggplant 0.059 19 44 180 144
eggplant 0.017 99 13 199 145
mushroom 0.003 132 26 227 130
cucumber 0.004 165 16 227 150
cucumber 0.004 0 59 71 171
eggplant 0.016 27 47 91 192
eggplant 0.030 24 39 123 171
eggplant 0.895 28 35 177 194
eggplant 0.001 46 17 227 177
mushroom 0.008 153 42 202 210
cucumber 0.003 158 50 227 179
mushroom 0.003 0 83 64 207
cucumber 0.003 4 98 95 186
eggplant 0.129 0 60 201 202
eggplant 0.007 63 53 185 214
mushroom 0.019 80 63 184 202
mushroom 0.006 124 108 225 183
eggplant 0.003 148 79 227 204
eggplant 0.004 0 111 64 227
eggplant 0.003 0 107 111 227
cucumber 0.005 0 128 168 227
mushroom 0.003 52 111 175 227
mushroom 0.004 79 112 218 227
cucumber 0.003 149 128 209 223
eggplant 0.003 145 114 227 227
cucumber 0.004 0 119 71 227
cucumber 0.004 10 138 94 227
cucumber 0.004 2 164 155 227
mushroom 0.002 76 140 154 227
mushroom 0.003 84 157 201 227
eggplant 0.006 122 155 227 227
cucumber 0.004 153 155 227 227