eggplant 0.006 0 0 69 81
cucumber 0.006 3 0 103 83
cucumber 0.005 32 0 136 77
eggplant 0.005 64 0 173 79
eggplant 0.008 81 0 208 74
mushroom 0.006 122 0 227 75
cucumber 0.007 144 0 227 53
cucumber 0.006 0 0 55 100
cucumber 0.004 0 0 112 109
eggplant 0.006 27 0 131 113
eggplant 0.006 61 0 160 97
mushroom 0.005 76 7 226 95
eggplant 0.006 122 9 227 84
mushroom 0.004 155 0 227 104
eggplant 0.006 0 17 80 143
cucumber 0.006 0 23 112 131
eggplant 0.004 28 27 126 139
eggplant 0.079 21 38 185 152
eggplant 0.021 93 14 198 144
mushroom 0.004 128 39 227 124
eggplant 0.006 161 22 227 143
cucumber 0.007 0 63 67 165
eggplant 0.016 17 55 102 186
eggplant 0.049 20 44 117 173
eggplant 0.953 24 67 182 145
eggplant 0.001 49 8 227 185
mushroom 0.010 145 57 196 194
cucumber 0.005 159 54 227 177
mushroom 0.005 0 81 62 208
cucumber 0.005 0 90 106 204
eggplant 0.022 0 61 201 203
eggplant 0.005 17 48 182 212
mushroom 0.017 79 69 185 196
mushroom 0.007 126 106 222 187
eggplant 0.004 147 85 227 207
eggplant 0.005 0 113 64 227
mushroom 0.003 0 106 106 227
cucumber 0.008 0 127 162 227
mushroom 0.006 45 109 178 227
mushroom 0.006 86 115 203 227
cucumber 0.004 145 128 214 225
eggplant 0.004 146 115 227 227
cucumber 0.005 0 144 71 227
cucumber 0.005 0 155 107 227
cucumber 0.004 6 159 147 227
mushroom 0.005 65 147 162 227
mushroom 0.005 87 145 199 227
eggplant 0.007 129 152 227 227
cucumber 0.005 156 152 227 227