eggplant 0.005 0 0 66 95
cucumber 0.004 0 0 115 90
mushroom 0.005 22 0 140 75
eggplant 0.005 71 0 170 69
eggplant 0.007 85 0 200 65
mushroom 0.005 118 0 227 68
cucumber 0.006 160 0 227 77
cucumber 0.005 0 2 58 96
cucumber 0.004 0 0 114 106
cucumber 0.006 30 0 130 109
eggplant 0.005 62 3 158 94
cucumber 0.005 79 10 227 86
eggplant 0.005 126 9 223 90
mushroom 0.005 159 0 227 107
eggplant 0.007 0 13 87 153
cucumber 0.004 0 23 98 133
eggplant 0.005 34 24 125 140
eggplant 0.014 45 34 200 151
eggplant 0.022 101 18 196 144
cucumber 0.004 125 41 227 118
eggplant 0.005 149 38 227 130
cucumber 0.005 0 56 72 173
eggplant 0.028 24 47 94 189
eggplant 0.021 25 42 120 170
eggplant 0.708 15 63 189 185
eggplant 0.002 48 11 227 183
mushroom 0.011 153 41 201 209
cucumber 0.003 156 52 227 179
eggplant 0.005 0 85 65 202
eggplant 0.005 0 89 101 203
eggplant 0.206 0 60 197 205
eggplant 0.115 52 63 195 208
mushroom 0.025 80 70 184 197
mushroom 0.007 127 103 222 188
eggplant 0.004 156 78 227 209
eggplant 0.006 0 113 63 227
eggplant 0.004 0 118 109 227
cucumber 0.007 0 130 165 227
mushroom 0.006 54 115 175 227
mushroom 0.006 83 112 213 227
cucumber 0.005 143 132 212 220
eggplant 0.005 156 116 227 227
cucumber 0.006 0 127 67 227
cucumber 0.006 0 143 103 227
cucumber 0.005 7 161 150 227
mushroom 0.004 73 146 157 227
mushroom 0.004 81 162 206 227
eggplant 0.008 123 151 227 227
cucumber 0.006 154 151 227 227