mushroom 0.005 0 0 61 85
cucumber 0.004 0 0 109 79
mushroom 0.005 30 0 139 79
eggplant 0.004 75 0 161 76
eggplant 0.007 82 0 205 72
cucumber 0.005 121 0 227 70
cucumber 0.007 152 0 227 86
cucumber 0.004 0 6 54 94
cucumber 0.004 0 0 120 105
eggplant 0.006 30 0 128 113
mushroom 0.005 54 0 175 114
cucumber 0.005 81 8 217 94
eggplant 0.004 116 5 227 89
mushroom 0.004 149 0 227 111
eggplant 0.008 0 17 80 147
mushroom 0.004 0 15 106 138
eggplant 0.004 28 25 132 141
eggplant 0.020 56 36 189 146
eggplant 0.024 99 9 199 153
mushroom 0.005 129 42 227 120
eggplant 0.006 168 19 227 146
cucumber 0.006 0 55 74 177
eggplant 0.013 22 48 95 190
eggplant 0.005 32 45 129 162
eggplant 0.970 34 43 193 192
eggplant 0.001 54 17 222 176
mushroom 0.008 148 60 197 193
mushroom 0.003 158 49 227 176
mushroom 0.004 0 81 66 209
eggplant 0.005 0 93 109 201
eggplant 0.033 0 55 201 209
eggplant 0.022 58 57 190 211
mushroom 0.025 81 63 183 202
mushroom 0.009 118 101 227 189
eggplant 0.005 156 79 227 206
eggplant 0.005 0 112 69 227
mushroom 0.004 0 105 112 227
eggplant 0.005 50 108 117 227
mushroom 0.005 55 135 175 218
mushroom 0.006 76 116 210 227
cucumber 0.004 137 117 226 227
mushroom 0.005 153 120 227 227
cucumber 0.006 0 125 73 227
cucumber 0.004 0 155 109 227
cucumber 0.006 1 161 153 227
mushroom 0.004 79 141 152 227
mushroom 0.004 91 155 196 227
eggplant 0.006 130 150 227 227
cucumber 0.005 160 148 227 227