eggplant 0.003 0 0 70 87
cucumber 0.003 0 0 104 86
cucumber 0.003 36 0 134 80
eggplant 0.003 70 0 168 77
eggplant 0.005 84 0 204 68
eggplant 0.003 117 0 227 69
cucumber 0.004 144 0 227 52
cucumber 0.003 0 7 54 94
cucumber 0.003 0 0 116 110
eggplant 0.004 33 0 125 111
eggplant 0.004 53 0 171 110
cucumber 0.003 73 12 227 87
eggplant 0.003 121 14 227 82
mushroom 0.003 158 0 227 104
eggplant 0.004 0 15 79 150
cucumber 0.003 0 24 105 131
eggplant 0.002 32 29 124 135
eggplant 0.116 11 42 188 147
eggplant 0.012 100 18 194 140
eggplant 0.002 128 38 227 122
eggplant 0.003 165 19 227 148
cucumber 0.003 0 62 70 169
eggplant 0.013 25 47 94 193
eggplant 0.020 23 37 119 173
eggplant 0.921 10 53 192 170
eggplant 0.000 45 9 227 184
mushroom 0.006 150 55 191 199
cucumber 0.003 155 53 227 180
eggplant 0.003 0 87 62 205
cucumber 0.003 0 89 103 202
eggplant 0.069 0 60 203 202
eggplant 0.005 3 45 193 215
mushroom 0.014 82 65 181 200
mushroom 0.005 126 111 222 183
eggplant 0.002 152 76 227 209
eggplant 0.003 0 111 58 227
eggplant 0.002 0 108 110 227
cucumber 0.005 0 131 169 227
mushroom 0.003 62 135 165 219
mushroom 0.004 79 114 212 227
cucumber 0.003 149 129 208 223
eggplant 0.003 141 112 227 227
cucumber 0.003 0 122 79 227
cucumber 0.003 0 150 102 227
cucumber 0.003 2 167 152 227
mushroom 0.002 72 146 156 227
mushroom 0.002 89 141 194 227
eggplant 0.005 123 154 227 227
cucumber 0.003 158 157 227 227