mushroom 0.005 0 0 57 87
cucumber 0.002 0 0 119 81
mushroom 0.004 31 0 137 75
eggplant 0.003 63 0 161 59
eggplant 0.004 77 0 207 64
cucumber 0.003 123 0 227 69
cucumber 0.004 154 0 227 83
cucumber 0.002 0 0 74 97
cucumber 0.003 0 0 119 100
cucumber 0.004 23 0 136 112
cucumber 0.003 52 0 176 116
cucumber 0.003 82 12 219 90
eggplant 0.003 128 0 227 119
eggplant 0.002 146 0 227 115
eggplant 0.004 0 17 81 148
mushroom 0.002 0 13 107 140
eggplant 0.003 32 25 130 140
eggplant 0.005 23 49 181 139
eggplant 0.019 46 24 217 167
mushroom 0.003 129 21 227 136
eggplant 0.003 166 18 227 148
cucumber 0.004 0 62 75 170
eggplant 0.011 25 43 94 194
eggplant 0.006 23 19 166 185
eggplant 0.959 55 35 184 212
eggplant 0.001 53 17 223 177
mushroom 0.006 148 53 194 201
mushroom 0.002 157 64 227 168
mushroom 0.003 0 79 69 211
eggplant 0.003 0 90 107 202
eggplant 0.040 0 56 202 207
eggplant 0.036 65 60 182 210
mushroom 0.021 81 67 182 197
mushroom 0.006 119 103 227 185
eggplant 0.003 156 79 227 203
eggplant 0.004 0 113 72 227
mushroom 0.003 0 105 114 227
eggplant 0.003 55 102 114 227
mushroom 0.003 49 140 178 218
mushroom 0.003 83 112 214 227
cucumber 0.003 140 125 220 227
eggplant 0.003 158 121 227 227
cucumber 0.005 0 125 70 227
mushroom 0.003 9 152 93 227
cucumber 0.004 3 162 154 227
mushroom 0.002 42 135 189 227
mushroom 0.003 88 156 199 227
eggplant 0.004 124 153 227 227
cucumber 0.003 159 149 227 227