eggplant 0.004 0 0 65 80
cucumber 0.004 3 0 102 81
cucumber 0.004 19 0 139 77
eggplant 0.006 72 0 158 75
eggplant 0.007 76 0 208 71
eggplant 0.005 125 0 224 70
cucumber 0.007 146 0 227 57
cucumber 0.006 0 0 64 103
mushroom 0.004 0 0 116 96
eggplant 0.006 40 0 123 111
mushroom 0.005 62 0 172 109
cucumber 0.005 96 0 202 94
cucumber 0.005 118 2 227 95
mushroom 0.004 146 0 227 111
eggplant 0.005 0 22 91 137
mushroom 0.004 0 15 110 143
eggplant 0.004 30 37 136 128
eggplant 0.025 32 46 182 144
eggplant 0.204 55 25 209 166
mushroom 0.004 125 41 227 119
eggplant 0.004 154 39 227 128
cucumber 0.007 0 43 71 182
eggplant 0.009 25 30 80 224
eggplant 0.006 24 42 124 166
eggplant 0.887 24 47 213 193
eggplant 0.074 51 29 222 203
mushroom 0.007 147 51 195 202
cucumber 0.003 164 68 227 165
eggplant 0.004 0 62 73 225
cucumber 0.005 0 94 115 201
eggplant 0.006 0 58 200 211
eggplant 0.059 15 44 197 215
mushroom 0.017 79 72 183 196
mushroom 0.006 122 101 226 195
eggplant 0.004 162 82 227 206
eggplant 0.007 0 122 65 227
mushroom 0.003 0 103 110 227
cucumber 0.006 0 121 163 227
mushroom 0.006 57 128 170 218
mushroom 0.004 90 117 200 227
cucumber 0.004 134 116 226 227
mushroom 0.006 164 112 227 227
cucumber 0.007 0 151 80 227
mushroom 0.005 0 150 103 227
cucumber 0.004 9 153 145 227
cucumber 0.004 45 143 187 227
mushroom 0.004 91 142 191 227
eggplant 0.004 141 150 224 227
cucumber 0.005 164 141 227 227