eggplant 0.003 0 0 73 67
cucumber 0.003 0 0 103 76
cucumber 0.002 30 0 131 74
eggplant 0.006 61 0 175 72
eggplant 0.004 78 0 203 69
cucumber 0.002 138 0 212 85
mushroom 0.006 126 0 227 63
cucumber 0.003 0 8 80 92
cucumber 0.004 0 2 107 98
eggplant 0.003 10 10 149 89
eggplant 0.002 64 1 169 97
mushroom 0.003 73 0 223 101
eggplant 0.004 126 1 227 91
mushroom 0.003 165 0 227 103
eggplant 0.002 0 31 62 133
cucumber 0.002 0 23 113 142
eggplant 0.001 26 39 123 126
eggplant 0.936 18 11 205 179
eggplant 0.047 51 8 212 184
cucumber 0.002 142 6 225 150
mushroom 0.003 151 11 227 146
cucumber 0.004 0 59 57 170
eggplant 0.005 18 48 101 192
eggplant 0.107 20 29 120 176
eggplant 0.003 25 27 181 190
eggplant 0.015 67 3 217 195
mushroom 0.010 158 46 199 207
cucumber 0.003 170 47 227 182
eggplant 0.004 0 91 66 199
eggplant 0.004 0 106 115 195
mushroom 0.028 0 94 149 171
mushroom 0.002 4 38 192 222
mushroom 0.020 89 67 176 199
cucumber 0.002 122 102 223 193
eggplant 0.003 148 78 227 210
eggplant 0.004 0 114 72 227
mushroom 0.002 0 110 115 227
eggplant 0.003 0 117 166 227
mushroom 0.002 42 109 182 227
cucumber 0.003 88 98 207 227
cucumber 0.002 142 133 211 218
cucumber 0.004 137 109 227 227
mushroom 0.006 0 146 79 227
mushroom 0.004 0 148 108 227
cucumber 0.002 16 165 149 227
mushroom 0.003 50 125 191 227
mushroom 0.003 61 151 227 227
mushroom 0.004 122 146 227 227
cucumber 0.003 157 153 227 227