eggplant 0.004 0 0 67 87
cucumber 0.004 0 0 108 76
mushroom 0.005 26 0 138 77
eggplant 0.004 65 0 170 77
eggplant 0.004 80 0 207 72
cucumber 0.004 124 0 227 79
cucumber 0.005 152 0 227 79
cucumber 0.004 0 0 55 105
cucumber 0.004 0 0 100 107
eggplant 0.004 25 0 136 106
eggplant 0.004 54 3 163 95
cucumber 0.004 79 8 221 95
eggplant 0.004 123 4 227 92
mushroom 0.003 145 0 227 99
eggplant 0.004 0 21 73 141
cucumber 0.003 0 19 112 137
eggplant 0.004 26 28 129 136
eggplant 0.050 42 38 177 151
eggplant 0.017 94 21 203 139
mushroom 0.003 132 27 227 128
mushroom 0.004 166 19 227 142
cucumber 0.005 0 65 64 165
eggplant 0.016 21 46 99 192
eggplant 0.068 23 40 123 166
eggplant 0.839 10 17 190 197
eggplant 0.003 78 18 220 182
mushroom 0.010 154 52 188 199
cucumber 0.004 158 59 227 169
eggplant 0.005 0 75 65 209
cucumber 0.004 5 102 93 184
mushroom 0.027 0 59 204 204
mushroom 0.001 10 39 188 222
mushroom 0.025 87 58 177 209
cucumber 0.005 122 100 224 187
eggplant 0.004 149 90 227 202
eggplant 0.004 0 124 98 227
eggplant 0.003 5 113 95 227
cucumber 0.004 0 122 156 227
mushroom 0.004 53 105 170 227
mushroom 0.005 85 121 208 227
cucumber 0.004 128 112 227 227
mushroom 0.003 149 123 227 227
cucumber 0.005 0 129 76 227
cucumber 0.003 0 140 100 227
eggplant 0.003 20 167 135 227
cucumber 0.004 68 147 161 227
mushroom 0.003 80 136 208 227
eggplant 0.005 128 148 227 227
cucumber 0.004 151 156 227 227