eggplant 0.000 0 0 42 109
cucumber 0.000 0 0 134 121
eggplant 0.000 33 0 136 84
eggplant 0.000 75 0 176 42
eggplant 0.000 79 0 205 77
mushroom 0.000 135 0 214 102
cucumber 0.000 137 9 227 44
cucumber 0.000 0 7 50 96
mushroom 0.000 0 9 131 96
cucumber 0.000 20 0 131 144
mushroom 0.000 57 0 168 110
mushroom 0.000 142 20 155 55
eggplant 0.000 137 32 199 76
eggplant 0.000 203 0 227 94
eggplant 0.000 0 0 121 173
mushroom 0.000 25 0 84 169
eggplant 0.000 46 20 91 136
eggplant 0.000 0 87 203 107
eggplant 0.000 29 6 227 188
mushroom 0.000 143 4 227 145
mushroom 0.000 185 30 227 133
cucumber 0.000 0 59 41 191
eggplant 0.000 57 16 59 227
eggplant 0.000 54 23 89 181
eggplant 1.000 4 16 227 227
eggplant 0.003 20 1 227 193
mushroom 0.000 172 20 176 227
eggplant 0.000 186 79 227 156
eggplant 0.000 0 85 82 192
eggplant 0.000 0 103 105 180
eggplant 0.000 0 36 210 222
eggplant 0.000 29 81 226 178
mushroom 0.000 121 48 137 211
mushroom 0.000 139 66 196 205
eggplant 0.000 137 54 227 226
cucumber 0.000 0 149 116 212
cucumber 0.000 15 92 93 227
eggplant 0.000 0 122 175 227
mushroom 0.000 6 79 221 227
mushroom 0.000 74 75 206 227
eggplant 0.000 166 126 184 226
eggplant 0.000 165 100 227 227
cucumber 0.000 0 115 62 227
mushroom 0.000 10 136 89 227
cucumber 0.000 0 190 164 227
mushroom 0.000 21 157 220 227
mushroom 0.000 72 122 206 227
cucumber 0.000 122 164 227 227
cucumber 0.000 168 156 227 227