eggplant 0.011 0 0 70 75
cucumber 0.010 0 0 102 78
cucumber 0.010 30 0 135 79
eggplant 0.011 62 0 170 82
eggplant 0.016 84 0 205 68
eggplant 0.010 120 0 227 76
cucumber 0.012 142 0 227 60
cucumber 0.009 0 3 59 100
cucumber 0.010 0 0 113 105
eggplant 0.012 27 0 130 114
eggplant 0.012 62 0 163 105
mushroom 0.007 104 0 194 102
eggplant 0.012 124 13 227 80
mushroom 0.010 159 0 227 106
eggplant 0.011 0 14 72 145
cucumber 0.010 0 25 111 135
eggplant 0.005 26 29 126 136
eggplant 0.787 19 41 185 145
eggplant 0.039 55 11 212 176
eggplant 0.007 127 35 227 126
cucumber 0.011 171 18 227 146
cucumber 0.011 0 64 61 167
eggplant 0.025 19 49 96 187
eggplant 0.084 26 30 161 193
eggplant 0.433 26 52 186 152
eggplant 0.002 54 22 221 172
mushroom 0.022 148 43 208 206
cucumber 0.010 156 48 227 182
cucumber 0.010 0 89 64 206
cucumber 0.009 4 96 95 191
eggplant 0.061 11 83 138 184
eggplant 0.002 22 50 178 212
mushroom 0.032 86 62 181 204
mushroom 0.011 129 110 222 186
eggplant 0.011 153 87 227 207
eggplant 0.010 0 112 64 227
eggplant 0.006 0 108 111 227
cucumber 0.013 0 123 163 227
mushroom 0.008 46 110 179 227
mushroom 0.011 88 112 207 227
mushroom 0.008 145 125 210 226
cucumber 0.008 136 119 227 227
cucumber 0.011 0 150 68 227
mushroom 0.009 2 157 98 227
cucumber 0.009 7 162 145 227
mushroom 0.009 63 147 163 227
mushroom 0.010 86 138 200 227
eggplant 0.014 127 154 227 227
cucumber 0.009 150 158 227 227