cucumber 0.013 0 0 67 88
cucumber 0.011 0 0 110 82
mushroom 0.010 34 0 125 87
eggplant 0.013 71 0 161 74
eggplant 0.017 83 0 205 79
mushroom 0.013 122 0 227 77
cucumber 0.016 161 0 227 64
cucumber 0.018 0 0 57 107
mushroom 0.015 0 3 110 99
eggplant 0.012 30 0 131 109
eggplant 0.009 55 2 171 104
cucumber 0.011 81 0 217 103
eggplant 0.014 128 1 222 104
mushroom 0.009 155 0 227 103
eggplant 0.016 0 13 89 151
mushroom 0.009 0 23 112 139
mushroom 0.011 30 42 136 114
cucumber 0.039 33 43 190 131
eggplant 0.217 63 36 203 152
cucumber 0.010 124 17 227 141
mushroom 0.013 142 34 227 125
cucumber 0.013 0 45 75 182
eggplant 0.025 20 48 91 187
mushroom 0.133 29 41 123 168
eggplant 0.016 17 30 200 220
eggplant 0.683 55 55 226 192
mushroom 0.038 157 54 192 193
eggplant 0.015 162 52 227 175
eggplant 0.016 0 99 67 189
eggplant 0.011 0 107 100 180
mushroom 0.122 6 95 143 182
mushroom 0.107 40 61 164 204
mushroom 0.072 90 67 179 211
cucumber 0.011 115 89 227 207
eggplant 0.017 166 86 227 205
eggplant 0.016 0 121 84 227
eggplant 0.011 0 120 111 227
cucumber 0.014 42 114 119 227
mushroom 0.014 41 107 187 227
mushroom 0.012 91 133 204 225
cucumber 0.012 131 109 222 227
cucumber 0.011 164 128 227 225
cucumber 0.015 0 152 72 227
cucumber 0.014 13 156 91 227
cucumber 0.012 17 154 135 227
mushroom 0.011 41 143 192 227
eggplant 0.019 78 163 207 227
eggplant 0.011 117 151 227 227
cucumber 0.015 154 153 227 227