eggplant 0.005 0 0 68 80
cucumber 0.004 5 0 102 82
cucumber 0.004 30 0 138 79
eggplant 0.006 67 0 158 72
eggplant 0.009 80 0 207 72
eggplant 0.006 125 0 227 73
cucumber 0.007 162 0 227 79
cucumber 0.005 0 0 56 103
cucumber 0.004 0 0 117 105
eggplant 0.007 34 0 126 112
mushroom 0.005 64 0 167 107
mushroom 0.004 78 8 223 94
eggplant 0.005 115 8 227 84
mushroom 0.003 157 0 227 102
eggplant 0.006 0 13 83 145
mushroom 0.005 0 22 108 135
eggplant 0.004 26 30 133 138
eggplant 0.090 25 36 182 154
eggplant 0.055 49 18 215 171
mushroom 0.003 128 22 227 138
eggplant 0.006 163 20 227 149
cucumber 0.007 0 58 68 169
eggplant 0.010 23 24 80 227
eggplant 0.012 21 40 123 171
eggplant 0.968 43 62 175 141
eggplant 0.001 45 14 227 179
mushroom 0.009 148 57 194 195
cucumber 0.003 160 57 227 171
eggplant 0.004 0 90 67 202
eggplant 0.005 0 88 112 205
eggplant 0.012 0 57 201 208
eggplant 0.013 63 60 177 202
mushroom 0.014 78 71 185 194
mushroom 0.008 126 107 222 187
cucumber 0.004 146 83 227 210
eggplant 0.005 0 117 59 227
mushroom 0.003 0 100 112 227
cucumber 0.007 0 122 164 227
mushroom 0.005 59 130 166 219
mushroom 0.005 84 114 213 227
cucumber 0.004 143 133 216 222
mushroom 0.005 149 113 227 227
cucumber 0.006 0 150 72 227
mushroom 0.004 7 144 90 227
cucumber 0.004 4 157 148 227
mushroom 0.003 70 144 157 227
mushroom 0.004 88 139 195 227
eggplant 0.006 138 153 221 227
cucumber 0.004 158 147 227 227