eggplant 0.006 0 0 72 83
eggplant 0.006 0 0 108 71
mushroom 0.005 29 0 133 69
mushroom 0.005 58 0 178 76
eggplant 0.006 78 0 207 68
cucumber 0.005 133 0 225 80
mushroom 0.008 142 0 227 71
cucumber 0.007 0 0 67 112
mushroom 0.006 0 0 102 104
eggplant 0.006 4 0 153 99
eggplant 0.006 54 0 171 103
mushroom 0.005 76 0 222 104
cucumber 0.006 129 0 227 115
mushroom 0.005 151 0 227 106
eggplant 0.005 0 12 81 151
cucumber 0.005 0 26 120 136
mushroom 0.005 16 27 139 137
eggplant 0.049 35 27 190 161
eggplant 0.042 56 28 211 163
cucumber 0.007 128 41 226 117
cucumber 0.005 161 20 227 138
cucumber 0.008 0 62 54 161
eggplant 0.019 18 42 100 193
eggplant 0.770 15 40 115 182
mushroom 0.035 22 51 181 192
mushroom 0.012 54 15 212 179
mushroom 0.020 156 44 193 206
cucumber 0.006 151 46 227 183
cucumber 0.007 0 92 70 193
eggplant 0.005 0 104 108 194
mushroom 0.076 0 77 200 186
mushroom 0.016 33 49 166 220
mushroom 0.037 80 70 187 199
cucumber 0.004 123 81 227 204
eggplant 0.006 153 88 227 203
eggplant 0.005 0 111 87 227
cucumber 0.006 0 121 96 227
cucumber 0.007 14 125 147 227
mushroom 0.006 54 113 168 227
eggplant 0.006 97 105 194 227
eggplant 0.005 119 100 227 227
cucumber 0.007 149 105 227 227
cucumber 0.006 0 140 74 227
mushroom 0.006 0 147 103 227
cucumber 0.005 22 165 130 227
mushroom 0.005 64 149 168 227
mushroom 0.005 79 154 211 227
eggplant 0.009 119 165 227 227
cucumber 0.006 151 155 227 227