eggplant 0.004 0 0 60 82
cucumber 0.005 0 0 106 73
cucumber 0.004 29 0 140 76
eggplant 0.005 72 0 161 77
eggplant 0.006 87 0 201 71
cucumber 0.004 126 0 226 71
cucumber 0.005 139 0 227 65
cucumber 0.004 0 4 60 94
cucumber 0.004 0 0 109 114
eggplant 0.006 36 0 129 112
mushroom 0.004 59 0 172 107
mushroom 0.004 94 0 201 96
eggplant 0.004 119 7 227 87
mushroom 0.004 148 1 227 101
eggplant 0.004 0 20 82 143
cucumber 0.003 0 19 103 137
eggplant 0.003 29 24 129 142
eggplant 0.137 15 45 190 145
eggplant 0.022 49 17 215 172
eggplant 0.004 134 18 223 133
eggplant 0.004 160 38 227 130
cucumber 0.005 0 63 60 170
eggplant 0.013 21 45 96 193
eggplant 0.008 26 39 120 172
eggplant 0.889 18 46 211 170
eggplant 0.002 57 15 219 179
mushroom 0.008 152 49 203 204
cucumber 0.004 158 54 227 174
eggplant 0.004 0 85 64 203
cucumber 0.004 0 94 108 201
eggplant 0.016 0 59 203 203
eggplant 0.001 11 52 193 208
mushroom 0.016 90 61 175 203
cucumber 0.005 117 103 227 187
eggplant 0.004 162 76 227 210
eggplant 0.004 0 112 63 227
eggplant 0.003 0 107 109 227
eggplant 0.005 0 124 160 227
mushroom 0.005 50 128 178 222
mushroom 0.005 84 118 205 227
cucumber 0.004 143 125 214 227
mushroom 0.004 152 121 227 227
cucumber 0.005 0 142 73 227
mushroom 0.005 0 144 97 227
cucumber 0.004 14 163 142 227
cucumber 0.004 72 145 159 227
mushroom 0.003 79 142 208 227
eggplant 0.005 133 148 227 227
cucumber 0.004 154 151 227 227