eggplant 0.007 0 0 67 75
cucumber 0.005 4 0 106 82
cucumber 0.004 16 0 143 62
eggplant 0.006 68 0 154 71
eggplant 0.009 73 0 213 75
eggplant 0.007 125 0 227 79
cucumber 0.008 160 0 227 82
cucumber 0.005 0 0 57 104
mushroom 0.005 0 0 113 105
eggplant 0.007 30 0 132 117
mushroom 0.005 55 0 164 101
mushroom 0.005 99 0 198 94
mushroom 0.006 118 4 227 87
mushroom 0.004 154 0 227 98
eggplant 0.007 0 14 84 144
mushroom 0.006 0 14 117 140
eggplant 0.005 25 30 133 142
eggplant 0.059 31 34 184 157
eggplant 0.088 58 22 207 168
mushroom 0.005 125 42 227 123
mushroom 0.006 164 21 227 141
cucumber 0.009 0 62 61 165
eggplant 0.013 15 24 88 227
eggplant 0.023 19 42 120 171
eggplant 0.923 65 56 164 143
eggplant 0.002 50 16 227 178
mushroom 0.010 143 51 198 201
cucumber 0.004 162 73 227 163
mushroom 0.005 0 80 69 208
eggplant 0.005 0 98 114 199
mushroom 0.005 0 61 201 205
eggplant 0.005 74 57 164 206
mushroom 0.016 81 72 183 192
mushroom 0.007 124 102 225 192
cucumber 0.004 146 84 227 213
eggplant 0.005 0 112 73 227
mushroom 0.004 0 101 106 227
eggplant 0.006 0 117 161 227
mushroom 0.005 45 130 176 220
mushroom 0.005 89 114 205 227
cucumber 0.005 140 131 221 221
mushroom 0.007 142 112 227 227
cucumber 0.006 0 144 69 227
mushroom 0.004 3 149 91 227
cucumber 0.005 9 155 144 227
mushroom 0.005 68 148 159 227
mushroom 0.005 87 139 200 227
eggplant 0.005 139 152 222 227
cucumber 0.005 147 156 227 227