eggplant 0.005 0 0 86 85
cucumber 0.005 0 0 103 77
mushroom 0.005 24 0 135 86
eggplant 0.009 70 0 157 73
eggplant 0.007 67 0 213 73
cucumber 0.005 117 0 227 75
mushroom 0.008 148 0 227 69
cucumber 0.009 0 0 64 114
mushroom 0.006 0 2 111 94
eggplant 0.006 7 0 155 102
mushroom 0.004 65 0 172 110
mushroom 0.005 102 0 197 95
cucumber 0.006 123 0 227 101
mushroom 0.005 154 0 227 97
eggplant 0.005 0 24 89 135
eggplant 0.005 0 15 113 147
eggplant 0.005 21 40 142 123
eggplant 0.076 28 37 216 146
eggplant 0.345 65 27 202 163
cucumber 0.007 132 12 227 142
mushroom 0.006 147 33 227 134
cucumber 0.007 0 44 71 181
eggplant 0.009 19 52 96 182
eggplant 0.013 19 37 128 171
eggplant 0.044 20 24 214 219
eggplant 0.756 53 24 217 203
mushroom 0.013 148 57 204 195
cucumber 0.005 165 65 227 161
eggplant 0.006 0 98 79 188
cucumber 0.006 0 98 109 198
mushroom 0.008 0 67 198 203
eggplant 0.097 23 77 194 184
mushroom 0.020 26 37 227 224
cucumber 0.005 121 96 226 203
mushroom 0.005 170 86 227 204
eggplant 0.008 0 120 76 227
mushroom 0.004 0 102 109 227
cucumber 0.006 0 122 160 227
mushroom 0.006 47 131 182 216
cucumber 0.005 96 123 198 227
cucumber 0.006 134 129 218 224
cucumber 0.007 167 126 227 227
cucumber 0.009 0 153 82 227
mushroom 0.006 0 143 115 227
cucumber 0.004 26 163 136 227
mushroom 0.006 48 144 184 227
eggplant 0.006 72 167 222 227
eggplant 0.006 140 152 227 227
cucumber 0.008 160 140 227 227