eggplant 0.006 0 0 67 85
cucumber 0.005 0 0 110 89
mushroom 0.004 24 0 133 82
eggplant 0.006 62 0 166 73
eggplant 0.008 76 0 208 66
mushroom 0.006 120 0 227 68
cucumber 0.009 159 0 227 76
cucumber 0.008 0 0 63 99
mushroom 0.004 0 0 117 97
eggplant 0.008 33 0 129 113
mushroom 0.005 52 3 166 96
mushroom 0.006 90 1 213 101
eggplant 0.006 121 0 227 97
eggplant 0.004 147 0 227 95
eggplant 0.007 0 16 92 144
mushroom 0.006 0 15 115 141
eggplant 0.004 30 37 138 126
eggplant 0.016 37 34 209 152
eggplant 0.337 58 29 205 162
mushroom 0.005 130 15 227 142
mushroom 0.005 155 22 227 146
cucumber 0.007 0 44 80 180
eggplant 0.011 24 34 79 221
eggplant 0.027 26 40 124 169
eggplant 0.749 17 27 212 217
eggplant 0.245 40 25 225 198
mushroom 0.010 151 44 200 207
cucumber 0.003 169 69 227 165
eggplant 0.005 0 86 65 200
eggplant 0.005 0 99 114 199
eggplant 0.011 0 62 197 207
eggplant 0.052 19 41 185 219
mushroom 0.019 77 70 187 199
mushroom 0.006 121 101 226 194
eggplant 0.004 162 81 227 207
eggplant 0.008 0 125 73 227
mushroom 0.004 0 101 107 227
cucumber 0.007 0 119 162 227
mushroom 0.006 58 129 166 218
mushroom 0.005 85 122 206 227
cucumber 0.005 139 108 223 227
mushroom 0.006 164 118 227 227
cucumber 0.008 0 151 82 227
mushroom 0.006 2 147 103 227
cucumber 0.005 9 155 144 227
mushroom 0.005 37 145 192 227
mushroom 0.005 87 143 194 227
eggplant 0.006 136 152 227 227
cucumber 0.006 160 144 227 227