eggplant 0.004 0 0 68 83
cucumber 0.004 2 0 104 80
cucumber 0.003 18 0 148 66
eggplant 0.004 62 0 174 75
eggplant 0.006 78 0 218 76
mushroom 0.004 125 0 227 75
cucumber 0.005 146 0 227 54
cucumber 0.005 0 0 58 99
cucumber 0.003 0 0 110 109
eggplant 0.006 28 0 131 114
mushroom 0.005 55 0 175 101
mushroom 0.004 76 2 224 96
eggplant 0.005 125 10 227 86
eggplant 0.003 143 0 227 99
eggplant 0.004 0 23 85 139
cucumber 0.004 0 24 108 133
eggplant 0.004 30 29 126 138
eggplant 0.019 12 39 190 150
eggplant 0.019 97 13 195 146
eggplant 0.004 128 44 227 120
eggplant 0.005 157 23 227 143
cucumber 0.005 0 58 68 171
eggplant 0.013 21 49 99 190
eggplant 0.016 23 43 113 173
eggplant 0.896 23 83 191 136
eggplant 0.001 48 5 227 189
mushroom 0.008 142 58 198 194
cucumber 0.003 152 51 227 178
mushroom 0.004 0 86 63 204
eggplant 0.005 0 88 101 205
eggplant 0.019 0 62 202 202
eggplant 0.038 15 60 187 201
mushroom 0.013 82 71 181 193
mushroom 0.006 127 103 219 190
eggplant 0.003 156 84 227 205
eggplant 0.004 0 113 63 227
mushroom 0.003 0 107 107 227
cucumber 0.006 0 129 161 227
mushroom 0.006 57 134 169 217
mushroom 0.005 88 117 199 227
cucumber 0.005 139 129 217 226
eggplant 0.003 157 114 227 227
cucumber 0.005 0 148 74 227
mushroom 0.004 0 152 104 227
cucumber 0.004 11 158 146 227
mushroom 0.004 61 151 168 227
mushroom 0.004 90 143 194 227
eggplant 0.005 119 164 227 227
cucumber 0.004 160 149 227 227