eggplant 0.007 0 0 67 89
mushroom 0.005 0 0 107 71
mushroom 0.007 31 0 132 78
eggplant 0.006 71 0 161 74
eggplant 0.007 74 0 216 83
cucumber 0.007 121 0 227 77
cucumber 0.007 160 0 227 69
cucumber 0.007 0 0 55 108
mushroom 0.007 0 8 104 91
cucumber 0.006 0 0 155 109
eggplant 0.006 47 0 180 113
cucumber 0.007 79 0 216 104
mushroom 0.009 132 0 227 111
cucumber 0.006 168 0 227 101
eggplant 0.007 0 8 79 153
eggplant 0.006 0 27 96 132
mushroom 0.007 28 28 134 137
mushroom 0.063 42 30 180 130
eggplant 0.034 90 24 206 140
mushroom 0.006 131 45 221 114
mushroom 0.006 144 29 227 130
cucumber 0.008 0 62 74 163
eggplant 0.027 22 41 94 188
mushroom 0.107 35 45 128 156
mushroom 0.072 39 53 176 189
mushroom 0.010 52 16 216 178
mushroom 0.031 162 45 188 200
eggplant 0.007 148 51 227 177
eggplant 0.007 0 84 66 203
eggplant 0.007 0 108 96 179
mushroom 0.170 10 82 141 187
mushroom 0.670 53 51 145 216
mushroom 0.108 88 67 181 204
mushroom 0.005 123 88 227 204
eggplant 0.010 170 83 227 207
eggplant 0.006 0 129 81 227
mushroom 0.008 0 115 108 227
cucumber 0.007 40 110 128 227
mushroom 0.008 52 121 176 227
cucumber 0.008 89 110 206 227
mushroom 0.010 127 114 221 227
cucumber 0.008 153 126 227 227
cucumber 0.009 0 142 72 227
cucumber 0.006 0 148 108 227
cucumber 0.006 29 159 131 227
mushroom 0.007 48 142 183 227
eggplant 0.010 76 161 211 227
eggplant 0.007 119 156 227 227
cucumber 0.007 149 154 227 227