eggplant 0.004 0 0 73 75
cucumber 0.003 0 0 107 78
mushroom 0.004 18 0 142 62
eggplant 0.003 67 0 156 57
eggplant 0.005 70 0 218 77
cucumber 0.004 133 0 224 88
cucumber 0.005 149 0 227 85
cucumber 0.003 0 0 72 106
cucumber 0.004 0 0 119 100
cucumber 0.005 20 0 134 114
cucumber 0.004 66 1 157 102
cucumber 0.004 100 0 199 99
eggplant 0.005 129 2 226 91
cucumber 0.003 156 0 227 105
eggplant 0.005 0 14 76 149
cucumber 0.004 0 18 121 131
eggplant 0.004 30 20 116 149
eggplant 0.009 43 17 194 151
eggplant 0.013 85 18 206 143
mushroom 0.004 130 49 227 115
cucumber 0.004 167 17 227 142
cucumber 0.006 0 67 68 163
eggplant 0.013 22 44 97 195
mushroom 0.049 24 48 114 161
mushroom 0.954 41 64 162 154
mushroom 0.000 59 2 217 192
mushroom 0.010 142 46 198 207
mushroom 0.004 155 56 227 174
cucumber 0.004 0 70 63 219
eggplant 0.003 0 88 110 208
mushroom 0.054 0 64 204 199
mushroom 0.005 72 62 173 220
mushroom 0.027 85 73 180 191
mushroom 0.004 122 94 224 195
eggplant 0.004 142 92 227 199
cucumber 0.003 0 113 78 227
cucumber 0.004 0 116 101 227
eggplant 0.003 45 116 126 227
mushroom 0.004 58 114 169 227
mushroom 0.004 95 110 196 227
eggplant 0.004 134 106 222 227
cucumber 0.003 143 107 227 227
cucumber 0.003 0 132 84 227
cucumber 0.003 0 156 94 227
eggplant 0.003 33 170 125 227
mushroom 0.004 61 149 164 227
mushroom 0.004 82 135 208 227
eggplant 0.006 125 155 227 227
cucumber 0.004 142 157 227 227