eggplant 0.005 0 0 59 78
cucumber 0.003 0 0 104 68
mushroom 0.006 24 0 135 82
eggplant 0.004 67 0 167 71
eggplant 0.004 66 0 222 76
cucumber 0.005 120 0 227 80
mushroom 0.005 141 0 227 70
cucumber 0.004 0 0 58 110
mushroom 0.005 0 10 107 85
cucumber 0.005 0 0 159 103
eggplant 0.004 58 0 171 119
cucumber 0.004 81 0 217 102
cucumber 0.004 126 0 226 104
mushroom 0.003 163 0 227 96
eggplant 0.005 0 28 72 137
cucumber 0.004 0 36 97 130
eggplant 0.008 25 15 136 146
mushroom 0.220 97 60 155 123
eggplant 0.018 94 20 208 142
mushroom 0.004 134 46 224 114
mushroom 0.004 153 9 227 148
cucumber 0.006 0 58 84 162
eggplant 0.015 22 45 94 186
mushroom 0.067 37 46 136 155
mushroom 0.051 49 33 183 216
mushroom 0.080 58 10 204 184
mushroom 0.023 170 42 184 203
cucumber 0.005 158 50 227 174
mushroom 0.004 0 75 72 207
eggplant 0.006 4 103 90 187
mushroom 0.128 8 91 139 179
mushroom 0.085 11 59 186 218
mushroom 0.542 94 66 176 207
cucumber 0.004 125 89 218 205
eggplant 0.009 169 87 227 203
eggplant 0.004 0 112 75 227
cucumber 0.005 0 117 105 227
eggplant 0.005 39 112 129 227
mushroom 0.005 57 113 170 227
cucumber 0.007 93 113 203 227
eggplant 0.007 126 113 225 227
cucumber 0.005 158 126 227 227
eggplant 0.004 0 166 59 227
cucumber 0.004 0 148 121 227
cucumber 0.003 0 158 151 227
mushroom 0.005 67 147 164 227
mushroom 0.008 75 166 217 227
eggplant 0.004 112 152 227 227
cucumber 0.006 156 156 227 227