eggplant 0.002 0 0 63 69
eggplant 0.001 0 0 111 66
mushroom 0.001 25 0 131 67
eggplant 0.001 62 0 171 70
eggplant 0.001 75 0 213 68
cucumber 0.001 128 0 219 64
mushroom 0.002 143 0 227 82
cucumber 0.001 0 0 68 97
cucumber 0.001 0 0 123 99
cucumber 0.001 0 0 160 103
eggplant 0.001 67 9 156 96
mushroom 0.001 74 3 218 104
mushroom 0.001 124 0 227 141
cucumber 0.001 154 0 227 102
eggplant 0.001 0 15 70 152
cucumber 0.001 0 12 132 144
eggplant 0.001 28 26 126 135
eggplant 0.015 38 34 196 158
eggplant 0.024 56 27 206 165
mushroom 0.001 129 45 227 115
cucumber 0.001 158 13 227 145
cucumber 0.002 0 72 72 161
eggplant 0.003 28 42 94 195
mushroom 0.259 28 39 110 164
mushroom 0.976 29 10 205 200
mushroom 0.003 46 0 220 194
mushroom 0.006 166 37 184 218
mushroom 0.001 161 51 227 176
eggplant 0.001 0 71 65 216
eggplant 0.001 0 93 118 207
mushroom 0.006 0 66 208 196
mushroom 0.000 18 34 183 227
mushroom 0.012 93 63 170 200
cucumber 0.001 121 85 227 204
eggplant 0.002 148 99 227 194
cucumber 0.001 0 116 106 227
cucumber 0.001 0 110 109 227
mushroom 0.001 56 113 112 227
mushroom 0.001 53 104 167 227
mushroom 0.001 100 121 198 227
eggplant 0.001 133 98 220 227
cucumber 0.001 135 103 227 227
cucumber 0.001 0 136 56 227
mushroom 0.001 11 174 87 227
eggplant 0.001 29 170 132 227
mushroom 0.001 43 144 192 227
mushroom 0.001 77 153 213 227
eggplant 0.001 111 164 227 227
cucumber 0.001 133 162 227 227