eggplant 0.003 0 0 54 67
cucumber 0.003 0 0 114 87
mushroom 0.004 13 0 146 79
eggplant 0.003 55 0 168 61
eggplant 0.003 68 0 208 81
cucumber 0.004 128 0 224 74
mushroom 0.004 149 0 227 79
cucumber 0.003 0 0 60 118
mushroom 0.004 0 3 115 88
mushroom 0.004 6 0 145 100
eggplant 0.002 69 0 161 106
mushroom 0.003 93 0 210 109
cucumber 0.003 118 0 227 110
mushroom 0.003 138 1 227 101
eggplant 0.003 0 35 79 122
cucumber 0.003 0 2 118 158
eggplant 0.004 8 45 141 121
mushroom 0.006 25 36 201 134
eggplant 0.118 67 39 197 153
mushroom 0.003 130 11 227 146
mushroom 0.003 164 28 227 135
cucumber 0.005 0 59 85 166
eggplant 0.004 30 27 77 227
mushroom 0.004 32 25 144 202
mushroom 0.058 55 4 189 215
mushroom 0.961 93 19 222 184
mushroom 0.010 159 61 192 187
mushroom 0.004 162 75 227 153
eggplant 0.004 0 78 81 204
eggplant 0.003 0 101 111 192
mushroom 0.002 0 73 203 194
mushroom 0.010 56 83 165 181
mushroom 0.027 91 63 174 207
cucumber 0.002 118 92 224 202
eggplant 0.004 169 89 227 193
cucumber 0.003 0 104 86 227
cucumber 0.003 0 122 113 227
eggplant 0.004 58 116 107 227
mushroom 0.004 32 130 194 215
cucumber 0.003 94 115 197 227
mushroom 0.003 136 105 218 227
cucumber 0.004 168 144 227 215
eggplant 0.005 0 153 67 227
mushroom 0.003 14 163 83 227
eggplant 0.003 27 154 144 227
cucumber 0.004 53 143 186 227
eggplant 0.004 73 169 222 227
mushroom 0.002 125 146 227 227
cucumber 0.003 156 140 227 227