eggplant 0.004 0 0 74 89
mushroom 0.003 0 0 120 68
mushroom 0.003 25 0 135 72
mushroom 0.002 62 0 175 81
eggplant 0.003 68 0 214 80
cucumber 0.003 133 0 227 81
cucumber 0.004 151 0 227 55
mushroom 0.003 0 0 69 120
cucumber 0.003 0 5 107 94
mushroom 0.003 0 0 162 111
eggplant 0.004 58 0 167 108
cucumber 0.003 75 2 224 92
eggplant 0.005 140 0 227 108
eggplant 0.003 160 0 227 109
eggplant 0.005 0 6 81 159
eggplant 0.003 0 14 98 143
mushroom 0.004 16 31 140 137
mushroom 0.021 27 32 188 154
eggplant 0.015 88 28 206 140
cucumber 0.003 128 54 223 107
cucumber 0.003 144 25 227 134
cucumber 0.004 0 66 64 161
eggplant 0.021 27 36 93 199
mushroom 0.292 24 42 114 164
mushroom 0.017 32 69 165 179
mushroom 0.000 58 7 211 187
mushroom 0.013 165 40 186 209
eggplant 0.004 148 36 227 188
cucumber 0.004 0 77 68 212
eggplant 0.004 2 102 95 185
mushroom 0.787 29 55 123 205
mushroom 0.133 39 52 157 227
mushroom 0.042 89 70 176 197
mushroom 0.002 134 83 227 206
eggplant 0.003 157 88 227 203
eggplant 0.003 0 118 83 227
eggplant 0.005 0 126 102 227
eggplant 0.004 6 122 157 227
mushroom 0.004 52 125 174 222
cucumber 0.004 101 95 196 227
eggplant 0.003 117 102 227 227
cucumber 0.002 154 118 227 227
cucumber 0.003 0 158 61 227
cucumber 0.003 0 148 105 227
cucumber 0.002 29 175 135 227
mushroom 0.003 55 147 172 227
mushroom 0.005 82 158 204 227
eggplant 0.007 106 160 227 227
cucumber 0.004 151 158 227 227