eggplant 0.004 0 0 61 75
cucumber 0.001 0 0 99 81
mushroom 0.003 14 0 141 71
cucumber 0.002 69 0 154 56
eggplant 0.002 78 0 207 68
cucumber 0.003 129 0 222 76
cucumber 0.003 148 0 227 87
cucumber 0.002 0 0 73 96
cucumber 0.003 0 0 122 99
cucumber 0.003 25 0 133 108
cucumber 0.002 69 2 149 100
cucumber 0.003 86 8 208 94
eggplant 0.003 131 0 227 125
cucumber 0.001 141 0 227 105
eggplant 0.003 0 18 78 146
mushroom 0.002 0 26 100 142
eggplant 0.003 30 25 125 139
eggplant 0.001 45 26 191 139
eggplant 0.015 50 28 212 163
mushroom 0.003 132 45 227 115
cucumber 0.003 165 17 227 145
eggplant 0.003 0 54 75 177
eggplant 0.007 24 41 95 192
mushroom 0.009 38 52 123 148
mushroom 0.991 56 30 188 200
mushroom 0.002 55 7 214 187
mushroom 0.007 164 43 188 206
mushroom 0.002 157 42 227 178
mushroom 0.002 0 69 68 218
eggplant 0.003 0 102 90 190
mushroom 0.012 0 58 205 205
mushroom 0.013 26 51 180 215
mushroom 0.035 91 71 174 194
mushroom 0.003 116 92 224 195
eggplant 0.003 159 83 227 201
cucumber 0.002 0 119 94 227
cucumber 0.002 0 109 99 227
eggplant 0.002 47 108 123 227
mushroom 0.003 39 129 185 226
cucumber 0.003 90 113 198 227
cucumber 0.003 133 102 222 227
mushroom 0.003 163 129 227 227
cucumber 0.003 0 134 75 227
cucumber 0.002 8 165 93 227
eggplant 0.003 39 163 122 227
mushroom 0.002 41 143 189 227
mushroom 0.002 76 146 214 227
eggplant 0.003 121 155 227 227
cucumber 0.002 144 153 227 227