cucumber 0.006 0 0 55 77
cucumber 0.004 1 0 93 61
mushroom 0.005 26 0 134 86
eggplant 0.004 62 0 166 70
eggplant 0.004 72 0 217 82
cucumber 0.005 135 0 218 67
mushroom 0.004 146 0 227 69
cucumber 0.004 0 0 60 120
mushroom 0.007 0 0 113 97
mushroom 0.005 0 1 151 99
eggplant 0.003 75 0 153 117
mushroom 0.005 92 0 210 115
cucumber 0.004 126 0 227 106
mushroom 0.003 135 1 227 108
eggplant 0.005 0 23 66 133
cucumber 0.005 0 16 118 151
mushroom 0.005 32 21 129 142
mushroom 0.319 76 61 174 126
eggplant 0.053 61 37 204 154
mushroom 0.005 121 38 227 124
mushroom 0.003 155 15 227 145
cucumber 0.006 0 68 84 158
eggplant 0.007 30 40 86 190
mushroom 0.046 26 28 145 208
cucumber 0.005 42 22 178 218
mushroom 0.905 103 36 211 204
mushroom 0.023 167 55 184 193
eggplant 0.006 151 54 227 165
eggplant 0.007 0 88 80 191
eggplant 0.005 0 108 88 181
mushroom 0.025 6 100 145 173
mushroom 0.035 31 87 199 199
mushroom 0.077 96 61 172 212
cucumber 0.004 107 94 227 201
eggplant 0.007 168 96 227 198
mushroom 0.005 0 116 82 227
cucumber 0.006 0 118 118 227
eggplant 0.005 40 121 122 227
mushroom 0.005 50 115 180 227
cucumber 0.004 101 134 195 218
mushroom 0.005 121 128 225 218
cucumber 0.006 163 139 227 221
eggplant 0.006 0 159 74 227
mushroom 0.004 0 151 129 227
cucumber 0.003 28 154 138 227
mushroom 0.004 51 140 183 227
eggplant 0.007 76 169 216 227
mushroom 0.004 120 147 227 227
cucumber 0.006 153 151 227 227