eggplant 0.003 0 0 58 70
cucumber 0.001 0 0 96 79
mushroom 0.003 17 0 140 71
eggplant 0.002 69 0 157 72
eggplant 0.002 62 0 227 88
cucumber 0.003 125 0 226 70
cucumber 0.002 147 0 227 86
cucumber 0.002 0 0 77 99
mushroom 0.003 0 0 122 99
cucumber 0.003 3 0 154 107
cucumber 0.002 49 4 178 103
cucumber 0.003 82 2 210 99
eggplant 0.002 125 2 227 93
cucumber 0.002 152 0 227 94
eggplant 0.002 0 22 78 144
cucumber 0.002 0 12 124 142
mushroom 0.003 32 24 121 142
eggplant 0.003 29 23 207 139
eggplant 0.013 85 28 206 131
mushroom 0.002 131 42 227 119
cucumber 0.002 164 19 227 143
cucumber 0.003 0 69 73 166
eggplant 0.006 25 41 93 193
mushroom 0.013 39 47 119 154
mushroom 0.983 31 22 214 190
mushroom 0.007 53 6 214 188
mushroom 0.007 165 48 187 204
mushroom 0.002 154 44 227 178
eggplant 0.002 0 68 62 220
eggplant 0.002 0 91 106 208
mushroom 0.007 0 57 206 206
mushroom 0.003 16 55 195 207
mushroom 0.029 94 67 172 199
cucumber 0.002 121 93 221 195
eggplant 0.003 162 84 227 202
cucumber 0.002 0 124 87 227
cucumber 0.002 0 113 96 227
eggplant 0.002 45 114 122 227
mushroom 0.003 40 122 185 225
cucumber 0.003 97 116 192 227
mushroom 0.003 127 105 227 227
mushroom 0.003 160 124 227 227
cucumber 0.002 0 137 81 227
cucumber 0.002 10 169 90 227
eggplant 0.003 25 163 139 227
mushroom 0.002 44 142 188 227
mushroom 0.003 75 141 216 227
eggplant 0.003 122 151 227 227
cucumber 0.002 159 152 227 227