eggplant 0.005 0 0 68 83
cucumber 0.004 0 0 110 68
mushroom 0.004 21 0 141 75
eggplant 0.004 63 0 162 70
eggplant 0.005 72 0 207 62
cucumber 0.005 122 0 226 72
cucumber 0.005 162 0 227 67
cucumber 0.004 0 0 62 107
mushroom 0.005 0 0 111 98
eggplant 0.004 6 0 152 108
eggplant 0.005 56 0 178 95
cucumber 0.004 90 1 204 99
cucumber 0.005 126 0 227 115
cucumber 0.004 170 0 227 97
eggplant 0.004 0 20 84 140
eggplant 0.004 0 24 95 137
eggplant 0.006 22 31 138 138
eggplant 0.005 33 32 204 135
eggplant 0.050 60 29 204 161
mushroom 0.005 124 51 227 111
mushroom 0.005 147 32 227 136
cucumber 0.004 0 70 76 157
eggplant 0.010 25 39 91 196
mushroom 0.009 25 48 123 159
mushroom 0.064 41 68 200 176
mushroom 0.037 73 31 219 190
mushroom 0.012 138 42 203 210
mushroom 0.005 160 61 227 168
eggplant 0.005 0 89 70 203
eggplant 0.006 0 96 108 200
mushroom 0.017 0 78 200 189
mushroom 0.847 54 79 185 188
mushroom 0.047 82 72 185 196
eggplant 0.004 120 101 225 194
eggplant 0.006 171 89 227 200
eggplant 0.003 0 115 76 227
mushroom 0.005 0 111 107 227
eggplant 0.005 51 120 118 227
mushroom 0.007 56 117 173 227
cucumber 0.005 93 111 201 227
mushroom 0.005 125 113 225 227
cucumber 0.005 169 129 227 227
eggplant 0.005 0 160 75 227
mushroom 0.004 9 163 89 227
cucumber 0.004 29 160 138 227
mushroom 0.005 53 141 182 227
eggplant 0.005 76 151 212 227
eggplant 0.004 122 147 227 227
cucumber 0.005 152 150 227 227