eggplant 0.002 0 0 55 76
eggplant 0.001 7 0 98 72
mushroom 0.002 24 0 132 67
eggplant 0.001 68 0 161 68
eggplant 0.001 77 0 207 75
cucumber 0.001 126 0 225 68
cucumber 0.001 146 0 227 81
cucumber 0.001 0 0 72 94
mushroom 0.002 0 0 124 106
cucumber 0.002 0 0 157 102
eggplant 0.001 62 9 163 97
mushroom 0.002 85 0 218 110
eggplant 0.001 126 5 227 89
cucumber 0.001 151 0 227 98
eggplant 0.001 0 33 70 129
cucumber 0.001 0 29 99 135
eggplant 0.001 30 19 124 142
eggplant 0.014 21 12 213 141
eggplant 0.018 51 28 210 164
mushroom 0.001 122 25 227 134
mushroom 0.001 150 14 227 149
cucumber 0.002 0 68 80 164
eggplant 0.003 30 38 91 199
mushroom 0.053 35 42 116 159
mushroom 0.973 12 7 218 212
mushroom 0.014 79 9 227 190
mushroom 0.005 168 47 184 206
cucumber 0.001 154 51 227 169
eggplant 0.001 0 52 61 223
eggplant 0.001 0 93 118 206
mushroom 0.004 0 60 208 202
mushroom 0.000 8 38 201 223
mushroom 0.021 95 60 169 203
cucumber 0.001 115 89 227 199
eggplant 0.002 154 102 227 192
cucumber 0.001 0 116 94 227
cucumber 0.001 0 118 110 227
mushroom 0.001 50 114 117 227
mushroom 0.001 37 122 190 224
cucumber 0.001 98 122 194 227
mushroom 0.001 127 104 226 227
cucumber 0.001 161 122 227 227
mushroom 0.001 0 142 58 227
mushroom 0.001 0 151 109 227
eggplant 0.001 22 168 144 227
eggplant 0.001 42 135 192 227
mushroom 0.001 72 160 218 227
eggplant 0.001 119 147 227 227
cucumber 0.001 154 151 227 227