eggplant 0.002 0 0 54 63
cucumber 0.001 0 0 105 83
mushroom 0.002 15 0 142 71
eggplant 0.001 64 0 161 65
eggplant 0.001 58 0 227 85
cucumber 0.002 126 0 224 67
mushroom 0.002 144 0 227 85
cucumber 0.001 0 0 79 96
mushroom 0.002 0 0 124 107
cucumber 0.002 0 0 155 103
eggplant 0.001 64 5 165 104
mushroom 0.002 81 1 209 104
eggplant 0.001 123 2 227 92
cucumber 0.001 157 0 227 94
eggplant 0.001 0 37 80 123
cucumber 0.001 0 10 126 148
eggplant 0.002 33 23 123 139
eggplant 0.007 42 39 197 152
eggplant 0.021 56 27 206 165
mushroom 0.002 125 25 227 134
mushroom 0.002 162 20 227 144
cucumber 0.003 0 57 78 172
eggplant 0.003 28 43 92 191
mushroom 0.011 31 39 120 163
mushroom 0.980 47 9 206 190
mushroom 0.040 94 17 225 183
mushroom 0.006 166 49 187 202
mushroom 0.002 159 86 227 148
eggplant 0.002 0 67 69 220
eggplant 0.002 1 111 85 184
mushroom 0.002 0 61 207 202
mushroom 0.001 69 58 165 207
mushroom 0.021 94 59 171 205
cucumber 0.001 112 93 227 197
eggplant 0.002 163 84 227 202
cucumber 0.002 0 122 96 227
cucumber 0.002 0 118 110 227
eggplant 0.002 50 114 117 227
mushroom 0.002 34 120 191 226
cucumber 0.002 100 116 192 227
mushroom 0.002 126 101 227 227
cucumber 0.002 162 128 227 227
eggplant 0.002 0 147 60 227
mushroom 0.002 11 171 89 227
eggplant 0.002 29 163 138 227
cucumber 0.002 45 141 190 227
mushroom 0.002 71 132 221 227
eggplant 0.002 123 145 227 227
cucumber 0.001 143 156 227 227