eggplant 0.001 0 0 59 62
cucumber 0.001 6 0 102 54
mushroom 0.001 15 0 143 79
eggplant 0.001 52 0 175 74
eggplant 0.001 79 0 199 60
cucumber 0.001 134 0 212 81
mushroom 0.001 141 0 227 60
cucumber 0.001 0 0 65 111
mushroom 0.001 0 7 104 88
mushroom 0.001 0 0 158 108
eggplant 0.001 66 0 169 111
mushroom 0.001 80 0 210 110
eggplant 0.001 143 0 221 103
mushroom 0.001 174 4 227 91
eggplant 0.001 0 13 70 144
eggplant 0.001 0 17 116 148
eggplant 0.001 26 34 139 127
mushroom 0.197 16 19 220 173
eggplant 0.008 44 19 217 174
mushroom 0.001 131 40 217 120
mushroom 0.001 150 13 227 149
cucumber 0.001 0 63 87 156
eggplant 0.002 30 34 94 202
mushroom 0.010 26 38 130 159
mushroom 0.003 87 27 158 189
mushroom 0.028 39 17 223 177
mushroom 0.005 174 52 183 200
eggplant 0.002 172 55 227 175
eggplant 0.001 0 72 67 217
eggplant 0.001 0 97 108 200
mushroom 0.014 0 78 209 184
mushroom 0.090 4 51 195 215
mushroom 0.048 99 60 165 203
cucumber 0.001 129 100 213 189
eggplant 0.002 167 98 227 191
eggplant 0.001 0 108 95 227
eggplant 0.001 0 121 113 227
eggplant 0.001 55 110 109 227
mushroom 0.001 61 124 172 224
cucumber 0.001 94 95 202 227
mushroom 0.001 139 108 210 227
cucumber 0.001 166 126 227 222
mushroom 0.001 0 161 84 227
mushroom 0.001 0 154 113 227
cucumber 0.001 19 164 152 227
mushroom 0.002 52 121 189 227
mushroom 0.001 67 160 220 227
eggplant 0.001 115 140 227 227
cucumber 0.001 143 151 227 227