eggplant 0.007 0 0 67 71
cucumber 0.004 0 0 103 66
mushroom 0.007 20 0 137 73
eggplant 0.005 58 0 170 68
eggplant 0.004 82 0 203 75
cucumber 0.006 127 0 225 83
cucumber 0.006 133 0 227 67
cucumber 0.005 0 0 72 104
cucumber 0.006 0 0 121 107
cucumber 0.007 4 0 150 100
eggplant 0.004 55 0 173 104
cucumber 0.006 87 0 208 101
eggplant 0.005 124 0 227 95
mushroom 0.004 157 0 227 92
eggplant 0.005 0 34 75 131
cucumber 0.005 0 29 104 138
eggplant 0.007 30 23 127 142
eggplant 0.023 62 41 179 148
eggplant 0.024 82 26 214 134
mushroom 0.005 129 41 227 119
cucumber 0.005 160 24 227 138
cucumber 0.007 0 57 75 170
eggplant 0.013 20 40 97 192
mushroom 0.029 32 22 149 198
mushroom 0.878 34 23 191 202
mushroom 0.027 65 16 201 177
mushroom 0.019 161 50 193 197
mushroom 0.005 159 71 227 159
mushroom 0.005 0 74 71 211
eggplant 0.006 0 94 113 202
mushroom 0.018 0 68 201 196
mushroom 0.010 22 61 186 208
mushroom 0.078 91 69 177 198
cucumber 0.005 117 90 227 196
eggplant 0.007 165 81 227 206
cucumber 0.005 0 110 73 227
cucumber 0.006 0 118 111 227
eggplant 0.005 46 118 121 227
mushroom 0.006 38 123 185 227
mushroom 0.006 88 114 207 227
mushroom 0.007 122 103 227 227
cucumber 0.005 144 112 227 227
eggplant 0.005 0 147 62 227
mushroom 0.005 6 164 91 227
eggplant 0.005 9 168 141 227
mushroom 0.004 46 143 185 227
mushroom 0.005 74 155 214 227
eggplant 0.006 119 150 227 227
cucumber 0.005 155 156 227 227