eggplant 0.004 0 0 66 70
cucumber 0.002 0 0 98 86
mushroom 0.004 19 0 139 70
eggplant 0.003 70 0 155 60
eggplant 0.003 60 0 227 84
cucumber 0.004 129 0 223 80
cucumber 0.004 149 0 227 85
cucumber 0.003 0 0 72 100
mushroom 0.004 0 1 120 96
cucumber 0.004 26 0 132 107
eggplant 0.002 67 3 150 98
mushroom 0.004 85 5 209 98
eggplant 0.003 128 0 227 124
cucumber 0.003 157 0 227 96
eggplant 0.003 0 17 77 146
cucumber 0.003 0 24 97 140
eggplant 0.005 27 26 125 139
eggplant 0.002 40 13 197 144
eggplant 0.022 60 29 204 162
mushroom 0.003 131 44 227 116
cucumber 0.003 162 19 227 142
cucumber 0.004 0 69 76 162
eggplant 0.009 22 45 97 189
mushroom 0.023 35 49 117 154
mushroom 0.990 44 21 186 188
mushroom 0.004 51 3 219 190
mushroom 0.009 162 45 190 204
mushroom 0.003 156 74 227 160
eggplant 0.003 0 66 64 219
eggplant 0.003 2 105 87 190
mushroom 0.009 0 64 204 200
mushroom 0.009 65 65 161 202
mushroom 0.032 90 69 176 195
cucumber 0.003 119 90 223 197
eggplant 0.003 150 101 227 193
cucumber 0.003 0 122 95 227
cucumber 0.003 0 109 97 227
eggplant 0.003 48 110 122 227
mushroom 0.004 41 124 182 225
mushroom 0.003 91 121 203 227
eggplant 0.004 134 100 219 227
mushroom 0.004 162 129 227 227
cucumber 0.003 0 141 78 227
cucumber 0.003 8 166 91 227
eggplant 0.004 32 164 129 227
mushroom 0.003 42 142 189 227
mushroom 0.003 77 140 213 227
eggplant 0.005 127 151 227 227
cucumber 0.003 141 152 227 227