eggplant 0.005 0 0 51 81
cucumber 0.002 0 0 96 56
mushroom 0.003 34 0 131 80
eggplant 0.003 69 0 165 73
eggplant 0.003 65 0 224 73
cucumber 0.004 118 0 227 80
mushroom 0.003 145 0 227 75
cucumber 0.003 0 0 58 117
mushroom 0.004 0 5 106 94
cucumber 0.004 0 3 154 97
eggplant 0.002 72 0 157 122
mushroom 0.004 95 0 210 116
mushroom 0.003 124 0 227 103
mushroom 0.002 158 0 227 109
eggplant 0.004 0 29 66 129
cucumber 0.003 0 39 94 126
mushroom 0.003 26 22 134 139
mushroom 0.843 109 64 146 119
eggplant 0.017 59 23 205 167
mushroom 0.003 127 41 227 119
mushroom 0.002 153 13 227 144
cucumber 0.004 0 56 82 170
eggplant 0.008 25 43 92 187
mushroom 0.045 34 26 145 207
mushroom 0.025 32 19 177 212
mushroom 0.147 109 31 211 182
mushroom 0.022 170 46 182 205
eggplant 0.004 149 55 227 167
eggplant 0.005 0 76 73 204
eggplant 0.004 2 106 90 181
mushroom 0.087 4 97 143 174
mushroom 0.009 5 45 195 220
mushroom 0.152 94 56 173 216
cucumber 0.003 111 93 227 200
eggplant 0.005 165 89 227 206
eggplant 0.003 0 116 83 227
cucumber 0.003 0 110 113 227
eggplant 0.004 31 114 134 227
mushroom 0.003 49 115 180 227
mushroom 0.003 86 113 209 227
mushroom 0.003 126 112 227 227
cucumber 0.004 151 129 227 226
eggplant 0.004 0 160 62 227
mushroom 0.003 0 148 129 227
cucumber 0.002 11 157 140 227
mushroom 0.003 68 148 165 227
eggplant 0.006 73 171 222 227
mushroom 0.003 124 141 227 227
cucumber 0.004 158 155 227 227