eggplant 0.005 0 0 65 70
cucumber 0.003 0 0 108 75
mushroom 0.005 25 0 133 71
eggplant 0.004 58 0 174 71
eggplant 0.004 78 0 207 73
cucumber 0.004 124 0 227 63
mushroom 0.004 141 0 227 84
cucumber 0.003 0 0 72 99
cucumber 0.005 0 0 116 107
cucumber 0.005 2 0 153 93
eggplant 0.003 60 8 166 98
mushroom 0.004 94 0 206 109
eggplant 0.004 126 0 227 96
cucumber 0.003 154 0 227 101
eggplant 0.004 0 20 69 144
cucumber 0.004 0 24 105 140
eggplant 0.004 32 24 123 138
eggplant 0.045 39 39 188 151
eggplant 0.022 60 18 203 173
mushroom 0.003 130 40 227 123
cucumber 0.004 164 14 227 142
cucumber 0.006 0 69 71 161
eggplant 0.009 20 40 99 196
mushroom 0.045 26 44 123 161
mushroom 0.928 13 20 199 194
mushroom 0.007 56 7 213 187
mushroom 0.013 162 50 190 202
mushroom 0.004 153 51 227 175
eggplant 0.004 0 73 64 214
eggplant 0.004 0 96 118 201
mushroom 0.016 5 91 149 174
mushroom 0.001 12 45 202 217
mushroom 0.037 88 66 177 199
cucumber 0.004 122 86 227 202
eggplant 0.006 148 98 227 198
cucumber 0.003 0 111 80 227
cucumber 0.003 0 110 110 227
mushroom 0.003 17 112 148 227
mushroom 0.004 42 127 186 224
mushroom 0.004 97 111 197 227
eggplant 0.003 129 108 227 227
cucumber 0.004 139 106 227 227
cucumber 0.004 0 138 55 227
cucumber 0.003 0 149 108 227
eggplant 0.004 28 166 135 227
mushroom 0.004 45 137 188 227
mushroom 0.004 78 159 211 227
eggplant 0.004 124 147 227 227
cucumber 0.004 148 156 227 227