eggplant 0.004 0 0 54 75
cucumber 0.002 0 0 104 70
mushroom 0.004 25 0 137 85
eggplant 0.003 67 0 163 61
eggplant 0.003 83 0 197 73
cucumber 0.003 122 0 227 82
mushroom 0.004 150 0 227 68
cucumber 0.004 0 0 56 122
mushroom 0.005 0 6 112 91
mushroom 0.004 0 0 149 98
eggplant 0.002 69 0 160 115
mushroom 0.003 95 0 209 110
eggplant 0.003 122 3 227 102
mushroom 0.002 133 2 227 105
eggplant 0.003 0 12 77 149
cucumber 0.003 0 17 115 152
eggplant 0.005 24 19 137 142
mushroom 0.410 25 38 188 121
eggplant 0.036 56 34 208 158
mushroom 0.003 123 15 227 145
mushroom 0.003 154 5 227 155
cucumber 0.005 0 65 88 156
eggplant 0.006 23 44 95 188
mushroom 0.081 33 26 139 209
mushroom 0.005 59 18 179 222
mushroom 0.924 101 17 217 181
mushroom 0.018 166 51 186 197
cucumber 0.006 154 59 227 162
eggplant 0.005 0 88 76 194
eggplant 0.003 2 109 89 176
mushroom 0.018 0 99 148 174
mushroom 0.023 9 50 194 216
mushroom 0.104 95 58 172 214
cucumber 0.003 104 95 227 194
eggplant 0.006 169 93 227 197
eggplant 0.003 0 109 84 227
cucumber 0.004 0 120 119 227
eggplant 0.004 46 120 116 227
mushroom 0.004 53 110 173 227
cucumber 0.004 88 116 203 227
mushroom 0.004 120 112 227 227
cucumber 0.003 151 121 227 227
mushroom 0.005 0 155 72 227
mushroom 0.003 0 150 125 227
cucumber 0.002 19 158 148 227
mushroom 0.003 49 141 184 227
eggplant 0.005 70 171 220 227
eggplant 0.003 113 143 227 227
cucumber 0.004 147 147 227 227