eggplant 0.002 0 0 57 73
eggplant 0.002 3 0 97 70
mushroom 0.003 29 0 129 71
eggplant 0.002 69 0 157 76
eggplant 0.002 63 0 225 85
cucumber 0.002 126 0 224 70
mushroom 0.002 140 0 227 72
cucumber 0.002 0 0 67 97
mushroom 0.002 0 0 118 101
eggplant 0.002 1 0 154 109
eggplant 0.001 59 2 168 102
cucumber 0.002 85 0 213 104
eggplant 0.002 131 6 224 92
mushroom 0.002 154 0 227 97
eggplant 0.002 0 34 69 127
cucumber 0.002 0 23 105 141
mushroom 0.002 26 22 128 144
cucumber 0.042 29 34 203 157
eggplant 0.018 53 32 209 160
mushroom 0.002 127 43 227 114
cucumber 0.001 153 26 227 134
cucumber 0.002 0 64 70 168
eggplant 0.004 28 37 90 198
mushroom 0.066 31 46 119 157
mushroom 0.878 15 23 215 222
mushroom 0.034 58 8 204 186
mushroom 0.007 167 48 183 204
cucumber 0.002 151 49 227 176
eggplant 0.002 0 79 65 209
eggplant 0.002 0 93 104 206
mushroom 0.008 0 60 206 202
mushroom 0.002 10 46 198 217
mushroom 0.035 92 60 174 206
cucumber 0.002 123 89 227 203
eggplant 0.003 148 101 227 192
cucumber 0.002 0 119 93 227
cucumber 0.002 0 119 118 227
eggplant 0.002 44 117 120 227
mushroom 0.002 36 119 190 227
cucumber 0.002 94 119 198 227
mushroom 0.002 119 105 227 227
cucumber 0.002 166 119 227 227
eggplant 0.002 0 145 62 227
mushroom 0.002 12 167 86 227
cucumber 0.002 22 165 146 227
mushroom 0.002 49 143 188 227
eggplant 0.002 73 161 214 227
eggplant 0.002 113 152 227 227
cucumber 0.002 154 157 227 227