eggplant 0.002 0 0 55 82
eggplant 0.002 0 0 101 70
mushroom 0.003 31 0 131 76
eggplant 0.002 70 0 155 77
eggplant 0.002 64 0 222 87
cucumber 0.003 129 0 222 70
cucumber 0.002 152 0 227 76
cucumber 0.002 0 0 66 101
mushroom 0.002 0 0 118 98
eggplant 0.002 0 0 156 107
eggplant 0.001 60 3 166 100
cucumber 0.003 86 2 209 101
eggplant 0.002 131 0 220 102
mushroom 0.002 156 0 227 94
eggplant 0.002 0 21 74 145
cucumber 0.002 0 29 102 138
mushroom 0.002 29 21 126 144
cucumber 0.020 28 35 203 156
eggplant 0.018 49 30 213 161
mushroom 0.002 126 45 227 116
mushroom 0.002 147 27 227 132
cucumber 0.003 0 63 74 171
eggplant 0.006 25 39 92 194
mushroom 0.063 34 52 119 151
mushroom 0.827 26 25 198 223
mushroom 0.103 70 15 227 191
mushroom 0.008 168 52 183 201
cucumber 0.002 150 43 227 179
eggplant 0.002 0 84 68 204
eggplant 0.002 0 91 103 204
mushroom 0.018 0 59 205 203
mushroom 0.005 14 44 190 219
mushroom 0.049 94 66 172 202
cucumber 0.002 121 81 227 212
eggplant 0.003 165 84 227 204
cucumber 0.002 0 122 91 227
eggplant 0.003 0 117 114 227
cucumber 0.002 47 115 117 227
mushroom 0.003 35 127 190 220
mushroom 0.002 103 126 193 225
mushroom 0.003 117 110 227 227
cucumber 0.003 160 129 227 226
eggplant 0.003 0 143 65 227
cucumber 0.002 11 163 85 227
eggplant 0.002 6 162 146 227
cucumber 0.002 50 142 186 227
eggplant 0.003 74 163 212 227
eggplant 0.002 117 147 227 227
cucumber 0.002 154 156 227 227