eggplant 0.004 0 0 65 69
cucumber 0.003 0 0 99 81
mushroom 0.004 19 0 140 73
eggplant 0.003 72 0 155 64
eggplant 0.003 63 0 227 84
cucumber 0.005 128 0 224 82
mushroom 0.004 146 0 227 81
cucumber 0.003 0 0 77 99
mushroom 0.005 0 0 119 101
cucumber 0.005 4 0 154 102
eggplant 0.003 53 1 174 104
mushroom 0.005 81 4 212 98
eggplant 0.003 123 0 227 125
cucumber 0.003 153 0 227 96
eggplant 0.004 0 18 77 145
cucumber 0.004 0 14 124 143
eggplant 0.005 28 24 127 141
eggplant 0.011 45 38 188 152
eggplant 0.027 61 27 203 164
mushroom 0.004 129 42 227 118
cucumber 0.004 161 22 227 139
cucumber 0.006 0 71 71 160
eggplant 0.008 21 46 98 187
mushroom 0.024 32 44 121 161
mushroom 0.953 34 15 199 188
mushroom 0.020 90 21 221 180
mushroom 0.013 145 49 195 205
mushroom 0.004 158 46 227 178
eggplant 0.004 0 69 64 217
eggplant 0.004 1 106 88 187
mushroom 0.008 0 62 204 202
mushroom 0.004 18 50 194 212
mushroom 0.036 93 64 173 202
cucumber 0.004 121 91 222 197
eggplant 0.004 160 86 227 202
cucumber 0.004 0 124 92 227
cucumber 0.004 0 109 97 227
eggplant 0.003 46 114 122 227
mushroom 0.005 43 124 182 223
mushroom 0.004 88 119 206 227
mushroom 0.005 131 105 223 227
mushroom 0.004 160 125 227 227
cucumber 0.004 0 142 64 227
cucumber 0.003 0 156 107 227
eggplant 0.004 25 160 138 227
mushroom 0.004 43 139 189 227
mushroom 0.004 74 139 213 227
eggplant 0.005 130 149 227 227
cucumber 0.004 144 154 227 227