eggplant 0.007 0 0 72 73
cucumber 0.005 0 0 104 76
mushroom 0.007 23 0 135 71
eggplant 0.005 68 0 158 60
eggplant 0.005 64 0 224 81
cucumber 0.006 130 0 224 79
cucumber 0.007 149 0 227 81
cucumber 0.005 0 0 71 102
cucumber 0.006 0 0 119 101
cucumber 0.006 21 0 135 106
eggplant 0.005 63 4 156 99
cucumber 0.006 85 7 212 93
eggplant 0.006 129 0 227 123
cucumber 0.005 161 0 227 96
eggplant 0.006 0 18 76 144
cucumber 0.005 0 21 99 143
eggplant 0.008 23 25 130 139
mushroom 0.007 50 35 181 153
eggplant 0.028 57 25 208 164
mushroom 0.005 132 44 227 115
cucumber 0.006 160 20 227 138
cucumber 0.008 0 63 78 165
eggplant 0.016 17 43 100 190
mushroom 0.053 28 21 156 195
mushroom 0.949 32 30 180 202
mushroom 0.004 59 10 212 184
mushroom 0.015 145 47 197 205
mushroom 0.004 155 62 227 168
eggplant 0.005 0 70 66 218
eggplant 0.006 5 100 88 191
mushroom 0.032 0 64 201 201
mushroom 0.026 21 51 188 219
mushroom 0.049 88 75 179 191
cucumber 0.005 121 88 224 199
eggplant 0.006 153 96 227 197
cucumber 0.004 0 115 79 227
cucumber 0.007 0 118 100 227
eggplant 0.005 15 114 148 227
mushroom 0.006 44 128 180 226
mushroom 0.006 95 114 198 227
eggplant 0.007 128 103 224 227
cucumber 0.006 162 123 227 227
cucumber 0.005 0 146 57 227
cucumber 0.005 7 161 91 227
eggplant 0.005 32 163 131 227
mushroom 0.005 43 143 188 227
mushroom 0.006 84 154 205 227
eggplant 0.008 121 152 227 227
cucumber 0.006 159 152 227 227