eggplant 0.008 0 0 56 85
cucumber 0.005 0 0 102 62
mushroom 0.007 35 0 128 79
eggplant 0.006 71 0 164 73
eggplant 0.007 89 0 195 71
cucumber 0.008 123 0 226 83
mushroom 0.008 138 0 227 72
mushroom 0.007 0 0 53 111
mushroom 0.008 0 4 104 97
cucumber 0.008 3 5 151 94
eggplant 0.006 65 0 166 119
mushroom 0.007 94 0 210 104
cucumber 0.007 124 1 227 98
mushroom 0.005 160 0 227 109
eggplant 0.008 0 28 70 133
cucumber 0.006 0 32 97 129
eggplant 0.008 22 26 139 133
mushroom 0.864 52 44 159 134
eggplant 0.025 97 26 204 133
mushroom 0.006 131 39 224 121
mushroom 0.006 150 13 227 144
cucumber 0.009 0 57 85 167
eggplant 0.021 15 48 99 185
mushroom 0.157 33 43 140 161
mushroom 0.025 38 30 170 194
mushroom 0.026 103 31 215 170
mushroom 0.040 166 44 188 204
eggplant 0.008 153 49 227 174
eggplant 0.011 0 75 68 210
eggplant 0.009 4 105 94 183
mushroom 0.105 8 91 140 184
mushroom 0.024 19 48 180 217
mushroom 0.222 91 57 178 215
cucumber 0.007 119 95 227 196
eggplant 0.013 154 86 227 203
eggplant 0.007 0 115 81 227
eggplant 0.007 0 111 113 227
eggplant 0.011 32 113 132 227
mushroom 0.006 50 117 178 227
cucumber 0.008 85 113 207 227
eggplant 0.008 124 117 227 227
cucumber 0.008 151 123 227 227
mushroom 0.010 0 157 62 227
mushroom 0.008 0 151 119 227
cucumber 0.006 24 161 139 227
mushroom 0.007 65 149 166 227
eggplant 0.011 73 164 218 227
eggplant 0.008 119 144 227 227
cucumber 0.009 154 158 227 227