eggplant 0.003 0 0 58 67
cucumber 0.001 0 0 101 85
mushroom 0.002 11 0 143 70
eggplant 0.001 70 0 154 59
eggplant 0.001 58 0 227 87
cucumber 0.002 129 0 222 82
mushroom 0.002 147 0 227 92
cucumber 0.001 0 0 78 96
mushroom 0.002 0 0 129 101
cucumber 0.002 0 0 159 105
cucumber 0.001 53 1 173 105
mushroom 0.002 86 8 207 97
eggplant 0.001 126 0 227 133
cucumber 0.001 155 0 227 93
eggplant 0.002 0 20 75 147
mushroom 0.001 0 9 125 142
eggplant 0.002 35 22 119 141
eggplant 0.002 38 18 197 139
eggplant 0.017 52 27 209 165
mushroom 0.001 133 43 227 119
cucumber 0.002 161 18 227 145
cucumber 0.002 0 52 76 178
eggplant 0.003 25 42 96 193
mushroom 0.006 41 45 119 154
mushroom 0.998 50 15 198 191
mushroom 0.005 46 1 221 192
mushroom 0.005 166 45 188 206
mushroom 0.001 160 81 227 154
mushroom 0.001 0 66 67 221
eggplant 0.002 1 105 86 187
mushroom 0.003 0 55 207 208
mushroom 0.001 21 43 193 219
mushroom 0.019 89 70 174 194
cucumber 0.002 120 92 221 194
eggplant 0.002 157 86 227 198
cucumber 0.001 0 120 97 227
cucumber 0.001 0 105 95 227
eggplant 0.001 52 109 116 227
mushroom 0.002 39 126 188 222
cucumber 0.002 94 114 194 227
mushroom 0.002 136 103 221 227
mushroom 0.002 158 129 227 227
eggplant 0.002 0 135 74 227
cucumber 0.001 13 169 87 227
eggplant 0.002 37 166 126 227
mushroom 0.001 41 139 191 227
mushroom 0.002 73 138 219 227
eggplant 0.002 126 153 227 227
cucumber 0.001 141 156 227 227