eggplant 0.010 0 0 67 78
cucumber 0.010 0 0 111 76
mushroom 0.008 23 0 141 67
eggplant 0.005 65 0 161 55
eggplant 0.008 72 0 218 87
cucumber 0.007 129 0 221 81
cucumber 0.010 143 0 227 68
cucumber 0.007 0 0 69 111
mushroom 0.011 0 0 112 97
mushroom 0.009 1 0 151 109
eggplant 0.008 57 0 167 111
cucumber 0.008 82 0 209 102
cucumber 0.012 134 0 226 119
cucumber 0.008 172 0 227 96
eggplant 0.007 0 15 82 146
eggplant 0.007 0 23 93 137
mushroom 0.012 26 27 132 140
mushroom 0.005 45 42 184 144
eggplant 0.059 63 38 204 152
eggplant 0.007 125 49 227 109
mushroom 0.008 152 18 227 146
cucumber 0.009 0 65 85 160
eggplant 0.022 25 40 89 194
mushroom 0.086 25 29 148 198
mushroom 0.035 75 56 152 192
mushroom 0.054 72 18 195 176
mushroom 0.024 139 41 206 205
mushroom 0.010 151 55 227 172
eggplant 0.009 0 87 76 199
eggplant 0.011 0 96 106 199
mushroom 0.054 0 83 194 186
mushroom 0.862 73 85 149 222
mushroom 0.077 83 80 187 191
eggplant 0.005 113 96 227 199
eggplant 0.010 171 84 227 204
eggplant 0.007 0 126 78 227
mushroom 0.011 0 123 103 227
eggplant 0.009 45 124 122 227
mushroom 0.011 60 128 172 226
cucumber 0.009 99 111 193 227
mushroom 0.010 123 107 225 227
cucumber 0.008 170 130 227 225
eggplant 0.008 0 154 75 227
cucumber 0.005 0 151 109 227
cucumber 0.008 34 159 134 227
mushroom 0.009 48 145 185 227
mushroom 0.014 79 153 212 227
eggplant 0.009 105 159 227 227
cucumber 0.013 157 147 227 227