eggplant 0.008 0 0 69 81
mushroom 0.007 0 0 100 65
mushroom 0.007 28 0 132 74
mushroom 0.006 59 0 171 73
eggplant 0.008 61 0 226 77
cucumber 0.008 130 0 224 81
mushroom 0.008 144 0 227 71
mushroom 0.008 0 0 59 112
mushroom 0.010 0 1 108 97
cucumber 0.010 0 0 156 102
eggplant 0.006 53 2 173 105
mushroom 0.008 93 0 208 104
cucumber 0.010 125 0 227 119
mushroom 0.007 161 0 227 108
eggplant 0.006 0 10 77 150
cucumber 0.007 0 25 101 135
mushroom 0.009 21 20 136 141
mushroom 0.243 62 37 178 149
eggplant 0.045 59 35 207 155
cucumber 0.007 127 44 227 116
cucumber 0.006 148 10 227 147
cucumber 0.010 0 69 63 161
eggplant 0.022 22 43 93 190
mushroom 0.756 24 32 147 211
mushroom 0.048 39 32 173 205
mushroom 0.054 55 13 209 181
mushroom 0.039 163 44 189 201
cucumber 0.009 150 51 227 175
eggplant 0.009 0 83 75 199
eggplant 0.009 1 101 92 188
mushroom 0.077 15 81 138 187
mushroom 0.040 33 52 169 220
mushroom 0.091 87 65 183 206
cucumber 0.007 115 91 227 198
eggplant 0.011 161 93 227 198
eggplant 0.006 0 110 89 227
cucumber 0.010 0 113 116 227
eggplant 0.008 37 117 127 227
mushroom 0.008 55 116 170 227
cucumber 0.010 98 112 193 227
mushroom 0.009 120 101 227 227
cucumber 0.009 151 110 227 227
eggplant 0.009 0 153 67 227
mushroom 0.006 0 151 118 227
cucumber 0.006 26 162 141 227
mushroom 0.007 48 143 184 227
mushroom 0.010 77 161 212 227
eggplant 0.010 116 161 227 227
cucumber 0.008 148 157 227 227