eggplant 0.005 0 0 65 81
mushroom 0.004 0 0 107 74
mushroom 0.005 24 0 136 78
eggplant 0.003 68 0 164 73
eggplant 0.004 69 0 220 87
cucumber 0.004 123 0 226 81
mushroom 0.004 154 0 227 71
cucumber 0.003 0 0 66 111
mushroom 0.004 0 4 107 87
cucumber 0.005 0 0 160 112
eggplant 0.004 60 0 163 107
cucumber 0.004 84 0 212 102
cucumber 0.006 136 0 227 120
cucumber 0.003 133 0 227 104
cucumber 0.004 0 15 78 144
cucumber 0.004 0 31 94 132
mushroom 0.009 27 18 134 147
mushroom 0.036 56 51 187 136
eggplant 0.021 83 25 214 139
mushroom 0.003 132 50 226 109
mushroom 0.004 147 16 227 145
cucumber 0.005 0 60 84 163
eggplant 0.016 27 38 90 193
mushroom 0.085 30 25 144 199
mushroom 0.053 50 39 175 211
mushroom 0.062 58 11 204 183
mushroom 0.020 169 43 183 198
eggplant 0.005 157 49 227 176
eggplant 0.004 0 78 74 206
eggplant 0.006 0 88 105 206
mushroom 0.076 15 88 137 179
mushroom 0.694 19 73 184 219
mushroom 0.226 92 75 177 196
eggplant 0.003 114 92 227 196
eggplant 0.007 171 83 227 206
eggplant 0.003 0 113 81 227
eggplant 0.006 0 116 115 227
eggplant 0.004 40 120 129 227
mushroom 0.005 62 120 170 227
cucumber 0.006 96 113 196 227
mushroom 0.006 118 113 227 227
cucumber 0.005 165 127 227 227
eggplant 0.004 0 153 73 227
cucumber 0.003 0 155 118 227
cucumber 0.003 27 160 144 227
mushroom 0.005 46 138 187 227
mushroom 0.007 78 159 212 227
eggplant 0.005 112 150 227 227
cucumber 0.005 165 157 227 227