eggplant 0.006 0 0 70 84
mushroom 0.005 0 0 114 63
mushroom 0.004 27 0 132 77
eggplant 0.004 68 0 163 76
eggplant 0.005 63 0 220 77
cucumber 0.006 129 0 224 78
cucumber 0.006 149 0 227 62
mushroom 0.008 0 0 47 111
mushroom 0.007 0 9 105 84
mushroom 0.006 0 0 157 107
eggplant 0.005 54 0 172 113
cucumber 0.004 73 0 220 108
cucumber 0.009 131 0 227 110
cucumber 0.004 168 0 227 111
eggplant 0.006 0 3 70 157
eggplant 0.004 0 31 116 137
mushroom 0.008 21 23 137 140
mushroom 0.430 31 15 179 131
eggplant 0.022 85 33 208 130
cucumber 0.005 127 47 222 112
cucumber 0.004 138 15 227 139
cucumber 0.007 0 55 87 169
eggplant 0.023 22 41 95 191
mushroom 0.864 36 44 128 156
mushroom 0.006 48 40 159 205
mushroom 0.020 44 12 219 182
mushroom 0.033 169 43 184 203
eggplant 0.007 154 38 227 183
eggplant 0.006 0 79 71 209
eggplant 0.007 4 111 92 175
mushroom 0.315 17 82 130 186
mushroom 0.233 36 45 161 226
mushroom 0.134 94 66 178 208
cucumber 0.004 122 93 227 199
eggplant 0.010 166 88 227 204
eggplant 0.004 0 113 92 227
eggplant 0.006 0 109 114 227
mushroom 0.007 35 117 130 227
mushroom 0.006 52 120 179 227
cucumber 0.006 95 110 196 227
eggplant 0.008 117 105 227 227
cucumber 0.005 156 121 227 227
mushroom 0.006 0 161 61 227
cucumber 0.005 0 151 118 227
cucumber 0.004 23 170 141 227
mushroom 0.005 45 135 188 227
eggplant 0.010 81 161 206 227
eggplant 0.006 119 156 227 227
mushroom 0.006 143 161 227 227