cucumber 0.007 0 0 63 79
cucumber 0.005 0 0 107 72
mushroom 0.005 25 0 135 82
eggplant 0.005 61 0 168 68
eggplant 0.005 76 0 216 81
cucumber 0.005 135 0 218 65
mushroom 0.005 149 0 227 72
cucumber 0.004 0 0 69 119
mushroom 0.007 0 0 112 96
mushroom 0.005 1 0 149 101
eggplant 0.003 70 0 159 114
cucumber 0.005 93 0 207 118
cucumber 0.005 124 0 227 109
mushroom 0.004 138 1 227 105
eggplant 0.005 0 24 72 135
cucumber 0.006 0 14 118 150
mushroom 0.005 20 35 135 127
mushroom 0.086 84 61 166 125
eggplant 0.068 62 35 204 155
mushroom 0.005 120 41 227 123
mushroom 0.003 156 14 227 147
cucumber 0.006 0 65 62 167
eggplant 0.008 31 40 85 190
mushroom 0.017 33 26 142 205
cucumber 0.009 35 29 185 213
mushroom 0.904 125 57 192 186
mushroom 0.024 165 57 186 190
eggplant 0.007 155 59 227 162
eggplant 0.007 0 90 78 190
eggplant 0.005 0 103 90 185
mushroom 0.022 6 96 145 176
mushroom 0.052 38 86 196 199
mushroom 0.113 94 63 173 211
cucumber 0.004 104 91 227 202
mushroom 0.007 169 93 227 198
eggplant 0.005 0 115 77 227
cucumber 0.006 0 119 117 227
eggplant 0.005 41 118 121 227
mushroom 0.007 52 112 175 227
cucumber 0.005 87 113 210 227
mushroom 0.006 129 110 224 227
cucumber 0.006 157 136 227 222
eggplant 0.006 0 159 75 227
mushroom 0.004 0 150 125 227
cucumber 0.003 16 158 140 227
mushroom 0.005 49 144 184 227
eggplant 0.007 72 169 221 227
mushroom 0.005 122 150 227 227
cucumber 0.006 155 150 227 227