eggplant 0.007 0 0 68 78
mushroom 0.003 0 0 107 73
mushroom 0.006 23 0 136 75
eggplant 0.004 69 0 161 74
eggplant 0.004 61 0 225 80
cucumber 0.007 129 0 221 72
cucumber 0.005 155 0 227 75
cucumber 0.004 0 0 49 102
mushroom 0.006 0 6 104 88
cucumber 0.006 0 0 163 108
eggplant 0.004 64 0 161 104
cucumber 0.005 72 0 218 106
cucumber 0.006 132 0 227 117
cucumber 0.003 160 0 227 103
eggplant 0.005 0 11 72 151
eggplant 0.004 0 31 96 131
mushroom 0.008 24 20 134 141
mushroom 0.104 35 12 183 134
eggplant 0.021 50 28 213 163
mushroom 0.004 133 47 225 112
cucumber 0.005 160 17 227 148
cucumber 0.006 0 52 79 173
eggplant 0.017 21 41 96 189
mushroom 0.412 41 48 127 152
mushroom 0.700 65 37 156 197
mushroom 0.006 45 8 219 185
mushroom 0.023 167 41 186 204
mushroom 0.005 150 54 227 176
eggplant 0.005 0 74 71 213
eggplant 0.006 3 107 91 181
mushroom 0.068 5 89 143 177
mushroom 0.059 41 45 157 223
mushroom 0.118 94 69 176 201
cucumber 0.004 124 93 217 199
eggplant 0.008 166 86 227 204
eggplant 0.004 0 120 89 227
cucumber 0.005 0 112 117 227
mushroom 0.005 36 112 133 227
mushroom 0.005 58 119 171 227
cucumber 0.006 95 117 198 227
mushroom 0.007 123 104 226 227
cucumber 0.005 154 125 227 227
eggplant 0.005 0 155 57 227
cucumber 0.004 0 157 111 227
cucumber 0.005 28 166 135 227
mushroom 0.005 44 140 185 227
mushroom 0.007 80 157 209 227
eggplant 0.006 119 148 227 227
cucumber 0.006 142 163 227 227