eggplant 0.005 0 0 62 73
eggplant 0.002 0 0 102 75
mushroom 0.005 25 0 133 72
eggplant 0.003 65 0 158 60
eggplant 0.003 64 0 225 83
cucumber 0.004 125 0 227 65
cucumber 0.004 144 0 227 85
cucumber 0.003 0 0 73 97
cucumber 0.004 0 0 119 99
cucumber 0.005 25 0 135 105
cucumber 0.003 50 7 175 98
mushroom 0.004 80 7 214 96
eggplant 0.004 125 0 227 95
cucumber 0.003 152 0 227 99
eggplant 0.004 0 34 73 131
cucumber 0.003 0 20 104 145
eggplant 0.004 31 21 123 143
eggplant 0.013 31 35 189 155
eggplant 0.014 84 30 206 131
mushroom 0.003 130 42 227 120
cucumber 0.004 162 17 227 142
cucumber 0.005 0 65 77 167
eggplant 0.010 21 46 97 190
mushroom 0.032 35 51 119 152
mushroom 0.981 18 33 207 190
mushroom 0.003 56 5 214 189
mushroom 0.010 164 48 189 203
cucumber 0.004 155 46 227 179
eggplant 0.003 0 73 61 216
eggplant 0.004 0 90 110 209
mushroom 0.015 0 59 205 204
mushroom 0.002 11 52 198 211
mushroom 0.042 92 68 175 198
cucumber 0.004 124 92 221 195
eggplant 0.005 146 102 227 191
cucumber 0.003 0 122 91 227
cucumber 0.003 0 115 102 227
eggplant 0.003 43 116 125 227
mushroom 0.005 41 126 185 222
mushroom 0.004 93 118 201 227
mushroom 0.004 130 106 225 227
mushroom 0.004 156 119 227 227
cucumber 0.003 0 139 58 227
cucumber 0.003 9 166 88 227
eggplant 0.003 24 165 137 227
mushroom 0.004 45 141 186 227
mushroom 0.004 77 137 215 227
eggplant 0.004 122 153 227 227
cucumber 0.004 155 155 227 227