eggplant 0.009 0 0 59 78
cucumber 0.007 0 0 106 71
mushroom 0.008 26 0 135 79
eggplant 0.007 61 0 168 74
eggplant 0.010 70 0 220 76
cucumber 0.008 124 0 226 79
mushroom 0.008 138 0 227 74
cucumber 0.007 0 0 62 114
mushroom 0.010 0 0 109 99
mushroom 0.009 0 0 155 100
eggplant 0.006 66 0 161 111
cucumber 0.009 93 0 208 111
mushroom 0.008 128 0 226 102
mushroom 0.006 161 0 227 103
eggplant 0.008 0 26 68 135
cucumber 0.008 0 32 96 132
mushroom 0.008 28 25 134 138
mushroom 0.350 74 52 174 132
eggplant 0.046 62 31 205 158
mushroom 0.008 125 39 227 122
mushroom 0.006 156 17 227 142
cucumber 0.010 0 70 61 162
eggplant 0.021 24 43 90 189
mushroom 0.170 27 33 145 204
mushroom 0.027 35 34 180 201
mushroom 0.182 108 38 207 184
mushroom 0.048 166 47 187 198
eggplant 0.011 151 51 227 174
eggplant 0.011 0 81 77 202
eggplant 0.009 0 103 96 184
mushroom 0.086 12 90 141 182
mushroom 0.051 26 59 180 212
mushroom 0.101 90 63 180 209
cucumber 0.007 111 90 227 203
eggplant 0.011 169 90 227 202
eggplant 0.009 0 117 81 227
cucumber 0.010 0 114 114 227
eggplant 0.008 37 118 127 227
mushroom 0.009 54 118 173 227
cucumber 0.008 92 113 203 227
mushroom 0.009 125 109 225 227
cucumber 0.010 154 116 227 227
eggplant 0.011 0 153 68 227
mushroom 0.009 0 154 120 227
cucumber 0.006 27 159 138 227
mushroom 0.008 51 139 181 227
eggplant 0.012 74 167 217 227
eggplant 0.008 118 151 227 227
cucumber 0.008 152 151 227 227