eggplant 0.003 0 0 58 82
cucumber 0.001 0 0 101 79
mushroom 0.003 16 0 141 73
eggplant 0.002 67 0 166 78
eggplant 0.002 64 0 223 87
cucumber 0.003 125 0 227 84
cucumber 0.003 146 0 227 81
cucumber 0.002 0 0 77 103
cucumber 0.002 0 0 114 102
cucumber 0.003 26 0 133 110
cucumber 0.003 41 0 184 104
cucumber 0.003 83 8 213 90
eggplant 0.003 131 0 227 116
cucumber 0.002 166 0 227 100
eggplant 0.003 0 23 75 143
eggplant 0.003 0 26 99 138
eggplant 0.003 33 25 124 139
mushroom 0.002 27 44 188 145
eggplant 0.012 86 25 210 140
mushroom 0.003 136 47 224 116
cucumber 0.003 169 16 227 146
eggplant 0.003 0 60 73 173
eggplant 0.011 28 34 92 197
mushroom 0.007 35 51 124 151
mushroom 0.950 29 52 201 194
mushroom 0.000 57 6 212 187
mushroom 0.008 166 46 187 202
mushroom 0.002 151 47 227 177
cucumber 0.002 0 71 71 219
eggplant 0.003 2 100 90 191
mushroom 0.063 0 61 205 202
mushroom 0.080 22 59 183 212
mushroom 0.037 93 73 172 192
mushroom 0.002 121 98 221 191
eggplant 0.003 162 85 227 202
eggplant 0.002 0 118 74 227
eggplant 0.003 0 113 102 227
eggplant 0.002 44 114 127 227
mushroom 0.003 41 131 185 225
cucumber 0.003 87 121 201 226
cucumber 0.003 126 107 226 227
cucumber 0.002 155 125 227 227
cucumber 0.003 0 134 77 227
cucumber 0.002 12 166 88 227
eggplant 0.002 1 165 151 227
mushroom 0.002 39 141 192 227
mushroom 0.003 85 159 202 227
eggplant 0.004 117 150 227 227
cucumber 0.003 149 154 227 227