eggplant 0.002 0 0 55 77
eggplant 0.001 7 0 98 67
mushroom 0.002 23 0 134 73
eggplant 0.002 65 0 164 71
eggplant 0.002 80 0 205 75
cucumber 0.002 128 0 224 66
mushroom 0.002 144 0 227 82
cucumber 0.002 0 0 71 95
mushroom 0.002 0 0 125 103
cucumber 0.002 0 0 156 100
eggplant 0.001 60 3 164 101
mushroom 0.002 86 0 215 111
eggplant 0.001 125 4 227 92
cucumber 0.001 151 0 227 102
eggplant 0.001 0 34 71 127
cucumber 0.001 0 29 101 135
eggplant 0.002 30 17 126 143
eggplant 0.012 24 14 210 141
eggplant 0.016 52 27 210 165
mushroom 0.002 123 23 227 135
cucumber 0.001 153 13 227 148
cucumber 0.002 0 54 74 176
eggplant 0.004 31 38 88 198
mushroom 0.057 32 17 147 206
mushroom 0.952 14 6 215 211
mushroom 0.016 81 12 227 188
mushroom 0.007 166 49 185 204
cucumber 0.002 155 51 227 171
eggplant 0.002 0 75 68 210
eggplant 0.002 0 93 116 205
mushroom 0.005 0 60 207 202
mushroom 0.001 13 40 199 222
mushroom 0.022 94 60 171 204
cucumber 0.001 117 88 227 201
eggplant 0.002 154 100 227 196
cucumber 0.002 0 121 93 227
cucumber 0.002 0 118 108 227
mushroom 0.001 47 117 119 227
mushroom 0.002 36 123 191 224
cucumber 0.002 101 123 194 227
mushroom 0.002 127 106 226 227
cucumber 0.002 159 126 227 227
mushroom 0.002 0 143 59 227
mushroom 0.001 0 150 112 227
eggplant 0.002 23 168 144 227
mushroom 0.001 45 136 189 227
mushroom 0.002 73 161 217 227
eggplant 0.002 109 163 227 227
cucumber 0.002 156 150 227 227