eggplant 0.003 0 0 56 77
cucumber 0.002 0 0 102 77
mushroom 0.005 25 0 132 76
eggplant 0.003 69 0 160 72
eggplant 0.003 62 0 227 82
cucumber 0.004 123 0 227 77
cucumber 0.004 152 0 227 79
cucumber 0.003 0 0 73 98
mushroom 0.004 0 0 115 102
cucumber 0.004 31 0 128 103
eggplant 0.002 66 2 155 99
cucumber 0.004 98 0 205 100
eggplant 0.003 124 2 225 97
cucumber 0.002 143 1 227 100
eggplant 0.003 0 18 81 147
cucumber 0.002 0 31 100 137
eggplant 0.004 27 21 129 142
mushroom 0.018 34 30 194 130
eggplant 0.032 49 31 213 160
mushroom 0.003 131 46 227 116
mushroom 0.003 155 22 227 141
cucumber 0.005 0 59 73 168
eggplant 0.008 25 47 93 188
mushroom 0.073 37 44 120 159
mushroom 0.913 39 14 186 219
mushroom 0.109 89 15 221 186
mushroom 0.011 163 46 189 204
mushroom 0.003 158 67 227 161
eggplant 0.003 0 79 67 203
eggplant 0.003 0 105 93 186
mushroom 0.013 0 65 204 198
mushroom 0.005 16 48 186 215
mushroom 0.079 92 63 174 206
cucumber 0.004 119 98 223 193
eggplant 0.004 159 85 227 203
eggplant 0.003 0 116 93 227
cucumber 0.003 0 115 116 227
eggplant 0.003 52 109 114 227
mushroom 0.004 51 111 171 227
mushroom 0.004 92 119 204 227
mushroom 0.004 129 106 225 227
mushroom 0.003 160 131 227 226
cucumber 0.003 0 150 65 227
cucumber 0.003 0 151 107 227
eggplant 0.003 25 160 138 227
cucumber 0.003 41 146 190 227
mushroom 0.004 77 160 213 227
eggplant 0.003 120 154 227 227
cucumber 0.003 153 152 227 227