eggplant 0.004 0 0 67 74
eggplant 0.002 0 0 111 81
mushroom 0.003 17 0 140 67
eggplant 0.002 68 0 159 55
eggplant 0.003 62 0 227 79
cucumber 0.003 131 0 224 85
mushroom 0.004 149 0 227 86
cucumber 0.002 0 0 71 99
cucumber 0.003 0 0 122 99
cucumber 0.003 22 0 134 111
cucumber 0.002 66 3 152 101
cucumber 0.003 98 0 203 98
mushroom 0.003 131 1 222 93
mushroom 0.002 162 0 227 96
eggplant 0.003 0 13 70 150
cucumber 0.002 0 9 127 140
mushroom 0.003 22 29 128 143
eggplant 0.003 42 41 182 148
eggplant 0.025 56 28 206 164
mushroom 0.003 128 48 227 113
cucumber 0.003 165 15 227 143
cucumber 0.003 0 54 77 173
eggplant 0.007 20 44 100 193
mushroom 0.061 22 22 162 205
mushroom 0.983 55 34 172 195
mushroom 0.003 57 6 214 188
mushroom 0.008 164 43 188 209
mushroom 0.003 158 67 227 166
mushroom 0.003 0 67 70 220
eggplant 0.002 0 94 110 204
mushroom 0.012 11 73 145 189
mushroom 0.002 39 41 171 225
mushroom 0.022 86 73 178 192
cucumber 0.003 121 95 223 193
eggplant 0.003 149 101 227 196
cucumber 0.002 0 110 89 227
cucumber 0.003 0 115 98 227
eggplant 0.002 54 112 114 227
mushroom 0.003 65 113 161 227
mushroom 0.003 92 114 198 227
eggplant 0.003 138 102 218 227
cucumber 0.003 141 108 227 227
cucumber 0.002 0 140 55 227
cucumber 0.002 0 151 98 227
eggplant 0.003 5 167 149 227
mushroom 0.002 41 144 193 227
mushroom 0.003 88 154 200 227
eggplant 0.003 118 154 227 227
cucumber 0.003 141 155 227 227