eggplant 0.003 0 0 64 73
eggplant 0.001 0 0 107 81
mushroom 0.002 15 0 142 64
eggplant 0.001 67 0 157 51
eggplant 0.002 62 0 226 81
cucumber 0.002 134 0 222 87
mushroom 0.002 147 0 227 88
cucumber 0.001 0 0 72 101
cucumber 0.002 0 0 124 98
cucumber 0.002 22 0 134 111
cucumber 0.001 68 5 152 100
mushroom 0.002 97 0 204 99
eggplant 0.002 131 2 223 90
mushroom 0.001 159 0 227 99
eggplant 0.002 0 15 72 150
cucumber 0.001 0 20 100 144
eggplant 0.002 24 26 121 148
eggplant 0.002 31 39 188 152
eggplant 0.009 56 25 206 167
mushroom 0.002 133 50 227 112
cucumber 0.002 164 12 227 145
cucumber 0.002 0 66 74 162
eggplant 0.006 24 38 97 200
mushroom 0.033 29 51 110 153
mushroom 0.994 43 48 176 173
mushroom 0.000 57 0 215 193
mushroom 0.005 167 43 187 210
mushroom 0.002 159 68 227 165
mushroom 0.002 0 65 64 223
eggplant 0.001 0 94 110 205
mushroom 0.016 0 61 206 202
mushroom 0.002 42 43 167 224
mushroom 0.014 89 72 174 191
mushroom 0.001 120 95 224 192
eggplant 0.002 142 103 227 194
cucumber 0.001 0 110 86 227
cucumber 0.002 0 113 96 227
eggplant 0.001 51 114 119 227
mushroom 0.002 33 130 190 225
mushroom 0.002 91 116 199 227
eggplant 0.002 136 104 220 227
cucumber 0.001 155 127 227 227
cucumber 0.001 0 132 81 227
cucumber 0.001 11 168 89 227
eggplant 0.002 41 173 119 227
mushroom 0.002 39 142 194 227
mushroom 0.002 88 155 199 227
eggplant 0.002 117 154 227 227
cucumber 0.002 143 159 227 227