eggplant 0.004 0 0 65 76
cucumber 0.003 0 0 102 77
mushroom 0.005 18 0 140 76
eggplant 0.003 67 0 158 58
eggplant 0.003 66 0 224 80
cucumber 0.005 129 0 223 80
cucumber 0.005 149 0 227 84
cucumber 0.003 0 0 78 101
cucumber 0.004 0 0 118 100
cucumber 0.004 26 0 130 108
cucumber 0.003 66 5 151 98
cucumber 0.004 80 4 214 95
eggplant 0.005 131 0 227 121
cucumber 0.003 161 0 227 97
eggplant 0.004 0 14 77 148
cucumber 0.003 0 27 97 137
mushroom 0.005 28 24 128 139
mushroom 0.006 50 15 180 143
eggplant 0.021 54 27 209 164
mushroom 0.004 133 47 227 114
cucumber 0.005 166 22 227 140
cucumber 0.005 0 56 74 173
eggplant 0.012 23 40 97 192
mushroom 0.026 37 53 126 148
mushroom 0.978 67 31 163 200
mushroom 0.002 55 9 214 184
mushroom 0.011 147 45 196 208
mushroom 0.004 154 64 227 169
mushroom 0.003 0 72 70 216
eggplant 0.005 3 103 86 189
mushroom 0.030 0 64 203 200
mushroom 0.030 31 51 175 217
mushroom 0.041 90 70 176 196
cucumber 0.004 121 95 221 195
eggplant 0.004 159 86 227 201
cucumber 0.003 0 122 95 227
cucumber 0.003 0 118 102 227
eggplant 0.003 42 108 126 227
mushroom 0.004 58 122 171 227
mushroom 0.004 92 114 204 227
eggplant 0.004 129 101 223 227
mushroom 0.004 158 134 227 227
cucumber 0.003 0 140 72 227
cucumber 0.003 0 157 102 227
eggplant 0.004 39 164 121 227
mushroom 0.003 39 143 190 227
mushroom 0.004 84 154 205 227
eggplant 0.005 126 151 227 227
cucumber 0.004 145 155 227 227