eggplant 0.004 0 0 68 71
cucumber 0.002 0 0 104 81
mushroom 0.003 13 0 145 63
eggplant 0.002 69 0 155 58
eggplant 0.003 65 0 225 80
cucumber 0.004 137 0 217 87
cucumber 0.004 151 0 227 88
cucumber 0.002 0 0 73 104
mushroom 0.003 0 0 122 99
cucumber 0.003 24 0 132 111
cucumber 0.003 66 2 155 102
mushroom 0.003 95 0 207 97
eggplant 0.003 131 0 227 121
cucumber 0.002 158 0 227 99
eggplant 0.003 0 10 76 152
cucumber 0.003 0 12 122 138
eggplant 0.003 25 31 128 132
eggplant 0.004 40 14 194 147
eggplant 0.013 58 21 205 170
mushroom 0.003 131 48 227 115
cucumber 0.003 164 16 227 144
cucumber 0.004 0 71 70 158
eggplant 0.009 22 43 97 195
mushroom 0.036 27 48 114 158
mushroom 0.989 62 43 157 163
mushroom 0.000 56 3 219 191
mushroom 0.008 163 43 192 208
mushroom 0.003 157 68 227 165
eggplant 0.003 0 67 65 220
eggplant 0.003 3 103 84 190
mushroom 0.020 0 65 205 198
mushroom 0.004 81 57 158 217
mushroom 0.021 87 71 178 192
mushroom 0.003 119 91 225 195
eggplant 0.003 144 95 227 199
cucumber 0.002 0 110 82 227
cucumber 0.003 0 111 96 227
eggplant 0.002 50 114 120 227
mushroom 0.003 64 111 164 227
mushroom 0.003 94 114 199 227
eggplant 0.003 132 105 223 227
mushroom 0.002 156 130 227 227
cucumber 0.003 0 135 81 227
cucumber 0.002 0 158 95 227
eggplant 0.003 38 171 121 227
mushroom 0.003 63 145 163 227
mushroom 0.003 75 134 213 227
eggplant 0.005 126 155 227 227
cucumber 0.003 141 156 227 227